0.53125
0.5
0.6499999761581421
0.5384615659713745
0.5833333134651184
0.5
0.6666666865348816
0.4285714328289032
0.3030303120613098
0.3214285671710968
0.5625
0.5
0.6000000238418579
0.5384615659713745
0.9166666865348816
0.1818181872367859
0.523809552192688
0.5357142686843872
0.5454545617103577
0.5357142686843872
0.6000000238418579
0.40909090638160706
0.5333333611488342
0.5806451439857483
0.3333333432674408
0.6842105388641357
0.3571428656578064
0.5199999809265137
0.8571428656578064
0.4444444477558136
0.75
0.47058823704719543
0.4000000059604645
0.4761904776096344
0.4399999976158142
