0.375
0.4545454680919647
0.27272728085517883
0.3076923191547394
0.4166666567325592
0.5416666865348816
0.4545454680919647
0.3214285671710968
0.3125
0.3103448152542114
0.4000000059604645
0.380952388048172
0.5333333611488342
0.4000000059604645
0.3499999940395355
0.3684210479259491
0.3571428656578064
0.37037035822868347
0.380952388048172
0.4444444477558136
0.47999998927116394
0.47058823704719543
0.3333333432674408
0.4285714328289032
0.38461539149284363
0.4444444477558136
0.2916666567325592
0.30000001192092896
0.4375
0.38461539149284363
0.39393940567970276
0.3333333432674408
0.6590909361839294
0.38461539149284363
0.4375
0.47999998927116394
0.3333333432674408
0.4571428596973419
0.30434781312942505
0.36666667461395264
0.28260868787765503
0.2222222238779068
0.3103448152542114
0.5454545617103577
0.2777777910232544
0.380952388048172
0.4117647111415863
0.3333333432674408
0.40909090638160706
0.4583333432674408
0.3333333432674408
0.3529411852359772
0.5517241358757019
0.29032257199287415
0.6000000238418579
0.380952388048172
0.22727273404598236
0.5813953280448914
0.4375
0.5333333611488342
0.36000001430511475
0.40625
0.4117647111415863
0.5
0.41025641560554504
0.2666666805744171
0.3499999940395355
0.6428571343421936
0.43478259444236755
0.625
0.38461539149284363
0.3333333432674408
0.3684210479259491
0.5522388219833374
0.5277777910232544
0.695652186870575
0.35483869910240173
0.4000000059604645
0.30000001192092896
0.4000000059604645
0.523809552192688
