0.90625
0.6969696879386902
0.4545454680919647
0.38461539149284363
0.9166666865348816
0.5833333134651184
0.4545454680919647
0.3928571343421936
0.6875
0.6551724076271057
0.7599999904632568
0.6666666865348816
0.8666666746139526
0.8666666746139526
0.3499999940395355
0.5789473652839661
0.8571428656578064
0.5925925970077515
0.523809552192688
0.5
0.8799999952316284
0.4117647111415863
0.6000000238418579
0.6666666865348816
0.692307710647583
0.5
0.9166666865348816
0.6000000238418579
0.5625
0.7692307829856873
0.6060606241226196
0.7222222089767456
0.9090909361839294
0.692307710647583
0.5625
0.8399999737739563
0.800000011920929
0.6000000238418579
0.739130437374115
0.7666666507720947
0.5869565010070801
0.6666666865348816
0.5862069129943848
0.5454545617103577
0.8333333134651184
0.8571428656578064
0.6470588445663452
0.6111111044883728
0.8181818127632141
0.5416666865348816
0.9333333373069763
0.5588235259056091
0.517241358757019
0.4516128897666931
0.6499999761581421
0.380952388048172
0.40909090638160706
0.5581395626068115
0.75
0.6666666865348816
0.7200000286102295
0.75
0.5882353186607361
0.550000011920929
0.9230769276618958
0.8666666746139526
0.44999998807907104
0.9047619104385376
0.3913043439388275
0.6875
0.6153846383094788
0.761904776096344
0.6315789222717285
0.8656716346740723
0.75
0.52173912525177
0.4516128897666931
0.5333333611488342
0.44999998807907104
0.6000000238418579
0.8571428656578064
0.692307710647583
0.6111111044883728
0.7586206793785095
0.9230769276618958
0.4761904776096344
0.7647058963775635
0.47727271914482117
0.95652174949646
0.4583333432674408
0.3888888955116272
0.9545454382896423
0.39393940567970276
0.8709677457809448
0.6666666865348816
0.9534883499145508
0.5333333611488342
0.824999988079071
0.4000000059604645
0.7777777910232544
