0.78125
0.7575757503509521
0.7727272510528564
1.0
1.0
0.6666666865348816
0.5454545617103577
0.7857142686843872
0.75
0.6551724076271057
0.5600000023841858
0.7142857313156128
1.0
0.800000011920929
0.550000011920929
0.9473684430122375
0.8571428656578064
0.7777777910232544
0.8095238208770752
0.6666666865348816
0.800000011920929
0.7058823704719543
0.800000011920929
0.6190476417541504
1.0
0.8333333134651184
0.9583333134651184
0.75
0.625
0.692307710647583
0.6666666865348816
0.6111111044883728
0.9318181872367859
0.6153846383094788
0.8125
0.9599999785423279
0.8666666746139526
0.9142857193946838
0.8695651888847351
0.6333333253860474
0.9130434989929199
0.8333333134651184
0.7586206793785095
0.6363636255264282
0.5555555820465088
0.6190476417541504
0.8823529481887817
0.8888888955116272
0.5909090638160706
0.625
0.8666666746139526
0.8529411554336548
0.931034505367279
0.5806451439857483
0.8500000238418579
0.6190476417541504
0.5
0.5813953280448914
0.9375
1.0
0.7200000286102295
0.90625
0.8823529481887817
1.0
0.9487179517745972
0.8666666746139526
0.550000011920929
0.523809552192688
0.3913043439388275
0.625
0.5384615659713745
0.8571428656578064
0.8421052694320679
0.89552241563797
0.3611111044883728
0.6086956262588501
0.5161290168762207
0.7333333492279053
0.8500000238418579
1.0
0.6666666865348816
0.8461538553237915
0.7777777910232544
0.6551724076271057
0.9230769276618958
0.5714285969734192
0.6470588445663452
0.47727271914482117
0.8260869383811951
0.7083333134651184
0.9444444179534912
1.0
0.5454545617103577
0.8709677457809448
0.75
0.8139534592628479
0.8666666746139526
0.44999998807907104
0.6000000238418579
0.8888888955116272
