0.96875
1.0
0.8181818127632141
1.0
1.0
0.875
0.7272727489471436
1.0
1.0
0.9655172228813171
0.9599999785423279
0.9047619104385376
1.0
0.9333333373069763
0.75
1.0
0.9285714030265808
0.8888888955116272
0.6190476417541504
1.0
0.9599999785423279
0.8235294222831726
0.8666666746139526
0.9523809552192688
0.9615384340286255
0.9444444179534912
0.6666666865348816
0.8999999761581421
1.0
0.9230769276618958
0.8181818127632141
0.8888888955116272
0.9545454382896423
0.692307710647583
0.9375
0.8799999952316284
0.6000000238418579
1.0
0.9130434989929199
0.8666666746139526
0.97826087474823
0.7777777910232544
0.6896551847457886
0.9090909361839294
0.8333333134651184
0.7142857313156128
0.8235294222831726
0.6666666865348816
0.9090909361839294
0.75
0.6666666865348816
0.7941176295280457
0.9655172228813171
0.9354838728904724
0.800000011920929
0.7142857313156128
0.6818181872367859
0.8604651093482971
0.8125
1.0
0.8399999737739563
0.9375
0.8235294222831726
0.75
0.7948718070983887
0.9333333373069763
0.8999999761581421
0.8571428656578064
0.5652173757553101
0.9791666865348816
0.7692307829856873
0.8095238208770752
0.9473684430122375
0.8358209133148193
0.9166666865348816
0.95652174949646
0.8387096524238586
0.800000011920929
0.44999998807907104
0.9333333373069763
0.761904776096344
0.9230769276618958
0.8888888955116272
0.8965517282485962
0.9230769276618958
0.8571428656578064
0.8235294222831726
0.8181818127632141
0.95652174949646
0.875
0.5555555820465088
1.0
0.8181818127632141
0.7096773982048035
1.0
0.7674418687820435
1.0
0.800000011920929
0.6000000238418579
1.0
