1.0
0.9696969985961914
0.7727272510528564
0.7692307829856873
0.9166666865348816
0.9583333134651184
0.9090909361839294
0.9642857313156128
0.96875
1.0
0.8799999952316284
0.9523809552192688
1.0
0.9666666388511658
0.8999999761581421
0.8421052694320679
1.0
0.8888888955116272
0.761904776096344
1.0
0.8399999737739563
0.7647058963775635
0.7333333492279053
0.9523809552192688
0.9615384340286255
0.9444444179534912
0.9583333134651184
0.800000011920929
1.0
0.9230769276618958
0.9696969985961914
0.6666666865348816
1.0
1.0
1.0
0.8799999952316284
0.9333333373069763
1.0
0.95652174949646
0.9666666388511658
0.9347826242446899
1.0
0.7241379022598267
0.9090909361839294
0.7777777910232544
1.0
0.9411764740943909
0.9444444179534912
0.9090909361839294
0.9166666865348816
0.8666666746139526
0.9117646813392639
0.931034505367279
0.8709677457809448
0.8999999761581421
1.0
0.8636363744735718
0.9534883499145508
1.0
0.8666666746139526
0.8799999952316284
1.0
0.9411764740943909
1.0
0.9743589758872986
1.0
0.800000011920929
0.976190447807312
0.695652186870575
1.0
0.7692307829856873
0.9523809552192688
0.6842105388641357
0.9850746393203735
0.9444444179534912
0.95652174949646
1.0
0.7333333492279053
0.800000011920929
0.9333333373069763
0.8095238208770752
0.9230769276618958
1.0
0.8965517282485962
0.9230769276618958
0.9523809552192688
0.6470588445663452
0.8863636255264282
1.0
0.9166666865348816
0.5
1.0
0.8181818127632141
0.9354838728904724
1.0
0.9534883499145508
1.0
0.75
0.9599999785423279
1.0
