1.0
1.0
0.8636363744735718
0.9230769276618958
1.0
1.0
0.9090909361839294
0.8571428656578064
0.96875
0.9655172228813171
0.9200000166893005
0.9523809552192688
1.0
0.9333333373069763
0.8999999761581421
1.0
1.0
0.8888888955116272
0.9047619104385376
1.0
0.9599999785423279
0.7647058963775635
1.0
0.9523809552192688
1.0
0.9444444179534912
1.0
0.8500000238418579
1.0
0.9230769276618958
1.0
0.8888888955116272
1.0
1.0
1.0
0.9599999785423279
1.0
1.0
0.95652174949646
0.9666666388511658
1.0
0.8888888955116272
0.8965517282485962
0.9090909361839294
1.0
0.9047619104385376
0.9411764740943909
1.0
1.0
0.9166666865348816
0.9333333373069763
0.970588207244873
1.0
0.9677419066429138
0.949999988079071
1.0
0.9090909361839294
0.930232584476471
1.0
1.0
0.9200000166893005
1.0
0.8823529481887817
0.949999988079071
0.9487179517745972
1.0
0.8500000238418579
0.9523809552192688
0.9130434989929199
1.0
0.8461538553237915
0.9047619104385376
0.9473684430122375
0.9850746393203735
0.8888888955116272
0.95652174949646
1.0
1.0
0.800000011920929
1.0
0.9523809552192688
0.9230769276618958
1.0
0.8965517282485962
0.9230769276618958
0.9523809552192688
0.9411764740943909
0.8409090638160706
1.0
1.0
0.7222222089767456
1.0
0.9696969985961914
0.9677419066429138
1.0
1.0
1.0
0.925000011920929
0.9200000166893005
1.0
