1.0
1.0
0.9545454382896423
1.0
1.0
1.0
1.0
1.0
1.0
1.0
1.0
1.0
1.0
1.0
0.8999999761581421
1.0
1.0
0.9259259104728699
0.9047619104385376
1.0
1.0
0.9411764740943909
1.0
1.0
1.0
0.9444444179534912
1.0
0.949999988079071
1.0
0.9230769276618958
1.0
1.0
1.0
1.0
1.0
1.0
1.0
1.0
0.95652174949646
1.0
1.0
0.9444444179534912
0.8965517282485962
1.0
0.9444444179534912
1.0
1.0
1.0
0.9090909361839294
0.9166666865348816
0.9333333373069763
1.0
1.0
1.0
0.8999999761581421
1.0
1.0
0.9767441749572754
1.0
1.0
0.9599999785423279
1.0
1.0
1.0
0.9743589758872986
1.0
0.949999988079071
0.976190447807312
0.95652174949646
1.0
0.9230769276618958
0.9523809552192688
1.0
1.0
1.0
0.95652174949646
1.0
1.0
0.8999999761581421
1.0
1.0
1.0
1.0
0.8965517282485962
0.9230769276618958
1.0
0.8823529481887817
0.9545454382896423
1.0
1.0
0.8888888955116272
1.0
1.0
1.0
1.0
1.0
1.0
0.925000011920929
1.0
1.0
