1.0
0.939393937587738
1.0
1.0
1.0
1.0
1.0
1.0
1.0
1.0
0.9599999785423279
1.0
1.0
1.0
0.949999988079071
1.0
1.0
0.9629629850387573
0.9047619104385376
1.0
1.0
1.0
1.0
1.0
1.0
1.0
1.0
0.949999988079071
1.0
0.9230769276618958
1.0
1.0
1.0
1.0
1.0
1.0
1.0
1.0
0.95652174949646
1.0
1.0
1.0
0.8965517282485962
1.0
0.9444444179534912
1.0
0.9411764740943909
1.0
1.0
0.9166666865348816
0.9333333373069763
1.0
1.0
1.0
1.0
1.0
1.0
0.9767441749572754
1.0
1.0
0.9599999785423279
1.0
1.0
1.0
0.9743589758872986
1.0
0.949999988079071
0.976190447807312
0.95652174949646
1.0
0.8461538553237915
1.0
1.0
1.0
0.9722222089767456
0.95652174949646
1.0
1.0
0.949999988079071
1.0
0.9523809552192688
0.9615384340286255
1.0
0.8965517282485962
1.0
1.0
0.9411764740943909
0.9090909361839294
1.0
1.0
0.9444444179534912
1.0
1.0
1.0
1.0
1.0
1.0
0.9750000238418579
1.0
1.0
