0.3333333432674408
0.4888888895511627
0.3888888955116272
0.5714285969734192
0.46666666865348816
0.574999988079071
0.6176470518112183
0.6585366129875183
0.5423728823661804
0.4146341383457184
0.5897436141967773
0.5142857432365417
0.7894737124443054
0.6486486196517944
0.30000001192092896
0.6000000238418579
0.52173912525177
0.738095223903656
0.4137931168079376
0.6296296119689941
0.6111111044883728
0.5
0.5199999809265137
0.4193548262119293
0.7105262875556946
0.75
0.625
0.46875
0.4166666567325592
0.6315789222717285
0.5714285969734192
0.523809552192688
0.6470588445663452
0.625
0.550000011920929
0.53125
0.4545454680919647
0.47727271914482117
0.3947368562221527
0.6511628031730652
0.6447368264198303
0.4545454680919647
0.3333333432674408
0.5833333134651184
0.52173912525177
0.6071428656578064
0.6000000238418579
0.52173912525177
0.6666666865348816
0.4545454680919647
0.5652173757553101
0.6222222447395325
0.5416666865348816
0.6521739363670349
0.6521739363670349
0.44117647409439087
0.29032257199287415
0.4464285671710968
0.6666666865348816
0.6399999856948853
0.6363636255264282
0.7169811129570007
0.6000000238418579
0.5357142686843872
0.4736842215061188
0.4444444477558136
0.6000000238418579
0.7230769395828247
0.47058823704719543
0.40963855385780334
0.31578946113586426
0.517241358757019
0.5769230723381042
0.5700934529304504
0.27659574151039124
0.40625
0.37735849618911743
0.4615384638309479
0.3529411852359772
0.375
0.4545454680919647
0.28947368264198303
0.42307692766189575
0.6470588445663452
0.6499999761581421
0.7714285850524902
0.782608687877655
0.578125
0.6216216087341309
0.6470588445663452
0.4399999976158142
0.7142857313156128
0.5
0.6315789222717285
0.5625
0.5283018946647644
0.52173912525177
0.4482758641242981
0.5142857432365417
0.6538461446762085
0.675000011920929
0.5
0.4000000059604645
0.3589743673801422
0.47058823704719543
0.5
0.27586206793785095
0.6153846383094788
0.2777777910232544
0.48148149251937866
0.3333333432674408
0.4117647111415863
0.7446808218955994
0.5444444417953491
0.5882353186607361
0.46666666865348816
0.5609756112098694
0.6326530575752258
0.5581395626068115
0.41860464215278625
0.6585366129875183
0.4144144058227539
0.5918367505073547
0.6499999761581421
0.6000000238418579
0.6691729426383972
0.7083333134651184
0.5185185074806213
0.34210526943206787
0.52173912525177
0.7105262875556946
0.5730336904525757
0.5862069129943848
0.6595744490623474
0.3333333432674408
0.5454545617103577
0.42592594027519226
0.6818181872367859
0.6086956262588501
0.5384615659713745
0.3529411852359772
0.4166666567325592
0.5555555820465088
0.42307692766189575
0.48571428656578064
0.5600000023841858
0.5555555820465088
0.3499999940395355
0.5333333611488342
0.6842105388641357
0.5
0.5384615659713745
0.6133333444595337
0.5454545617103577
0.59375
0.5454545617103577
0.44999998807907104
0.40909090638160706
0.4444444477558136
0.6666666865348816
0.5357142686843872
0.5
0.47826087474823
0.6849315166473389
0.5882353186607361
0.4736842215061188
0.4516128897666931
0.6000000238418579
0.4285714328289032
0.5277777910232544
0.23529411852359772
0.28125
0.38983049988746643
0.5555555820465088
0.4690265357494354
0.6896551847457886
0.5094339847564697
0.6000000238418579
0.4094488322734833
0.6138613820075989
0.4726027250289917
0.6785714030265808
0.5254237055778503
0.37681159377098083
0.30000001192092896
0.4655172526836395
0.5072463750839233
0.5581395626068115
0.29323309659957886
0.4711538553237915
0.3669724762439728
0.43283581733703613
0.3799999952316284
0.46000000834465027
0.53125
0.42500001192092896
0.71875
0.550000011920929
0.5
0.641791045665741
0.45652174949645996
0.3333333432674408
0.5072463750839233
0.6333333253860474
0.4333333373069763
0.4444444477558136
0.75
0.5306122303009033
0.47058823704719543
0.5
0.4313725531101227
0.550000011920929
0.47887325286865234
0.5652173757553101
0.34210526943206787
0.4444444477558136
0.5333333611488342
0.5581395626068115
0.5699999928474426
0.6086956262588501
0.2666666805744171
0.6071428656578064
0.5185185074806213
0.3181818127632141
0.42307692766189575
0.6527777910232544
0.6351351141929626
0.5
0.6666666865348816
0.6666666865348816
0.698113203048706
0.6086956262588501
0.5416666865348816
0.6666666865348816
0.4117647111415863
0.5625
0.4375
0.6000000238418579
0.4749999940395355
0.5636363625526428
0.5945945978164673
0.5
0.6315789222717285
0.6785714030265808
0.52173912525177
0.4693877696990967
0.625
0.5263158082962036
0.5789473652839661
0.6896551847457886
0.375
0.6818181872367859
0.6470588445663452
0.7241379022598267
0.6111111044883728
0.5263158082962036
0.5185185074806213
0.3870967626571655
0.5161290168762207
0.5254237055778503
0.5227272510528564
0.4318181872367859
0.4545454680919647
0.46666666865348816
0.42105263471603394
0.5151515007019043
0.4545454680919647
0.3658536672592163
0.47826087474823
0.6567164063453674
0.6666666865348816
0.4000000059604645
0.7407407164573669
0.5714285969734192
0.59375
0.28125
0.6000000238418579
0.5135135054588318
0.40625
0.2777777910232544
0.6842105388641357
0.5185185074806213
0.5441176295280457
0.5
0.5161290168762207
0.4146341383457184
0.5277777910232544
0.4761904776096344
0.604651153087616
0.3913043439388275
0.5581395626068115
0.5357142686843872
0.3414634168148041
0.49253731966018677
0.5869565010070801
0.4615384638309479
0.5438596606254578
0.5428571701049805
0.32608696818351746
0.4375
0.5540540814399719
0.5882353186607361
0.5263158082962036
0.6296296119689941
0.6000000238418579
0.6117647290229797
0.4117647111415863
0.48148149251937866
0.25
0.5416666865348816
0.4444444477558136
0.4848484992980957
0.5142857432365417
0.4337349534034729
0.3611111044883728
0.7083333134651184
0.4193548262119293
0.7333333492279053
0.31578946113586426
0.3333333432674408
0.5
0.4545454680919647
0.5869565010070801
0.6000000238418579
0.5897436141967773
0.5897436141967773
0.6551724076271057
0.37837839126586914
0.5833333134651184
0.7894737124443054
0.25
0.7209302186965942
0.4716981053352356
0.6499999761581421
0.5714285969734192
0.4878048896789551
0.4761904776096344
0.59375
0.5526315569877625
0.603960394859314
0.6363636255264282
0.4084506928920746
0.4761904776096344
0.4000000059604645
0.3863636255264282
0.4528301954269409
0.39436620473861694
0.5662650465965271
0.4054054021835327
0.46052631735801697
0.5
0.5199999809265137
0.6363636255264282
0.5789473652839661
0.4761904776096344
0.550000011920929
0.375
0.38461539149284363
0.4444444477558136
0.5789473652839661
0.5581395626068115
0.4000000059604645
0.32608696818351746
0.42307692766189575
0.5384615659713745
0.4117647111415863
0.6216216087341309
0.6842105388641357
0.3499999940395355
0.5869565010070801
0.47826087474823
0.5178571343421936
0.46875
0.30434781312942505
0.4583333432674408
0.3720930218696594
0.5
0.31578946113586426
0.5555555820465088
0.3529411852359772
0.3333333432674408
0.2631579041481018
0.5
0.4237288236618042
0.5161290168762207
0.512499988079071
0.5483871102333069
0.40740740299224854
0.5161290168762207
0.4848484992980957
0.5384615659713745
0.3921568691730499
0.5666666626930237
0.46875
0.6078431606292725
0.4000000059604645
0.40740740299224854
0.5555555820465088
0.34375
0.5555555820465088
0.07692307978868484
0.3181818127632141
0.6296296119689941
0.5714285969734192
0.4457831382751465
0.27419355511665344
0.6666666865348816
0.4193548262119293
0.5569620132446289
0.4444444477558136
0.3333333432674408
0.6329113841056824
0.5121951103210449
0.3913043439388275
0.4545454680919647
0.4054054021835327
0.375
0.4871794879436493
0.4000000059604645
0.40909090638160706
0.44999998807907104
0.4305555522441864
0.550000011920929
0.529411792755127
0.4375
0.4166666567325592
0.5
0.39344263076782227
0.5777778029441833
0.3333333432674408
0.5
0.4193548262119293
0.5757575631141663
0.4375
0.36000001430511475
0.40740740299224854
0.5142857432365417
0.34117648005485535
0.48571428656578064
0.5476190447807312
0.4590163826942444
0.5428571701049805
0.4444444477558136
0.420634925365448
0.4166666567325592
0.5277777910232544
0.4871794879436493
0.4047619104385376
0.44999998807907104
0.5
0.3617021143436432
0.5
0.3333333432674408
0.32258063554763794
0.40909090638160706
0.699999988079071
0.5806451439857483
0.4117647111415863
0.5
0.2647058963775635
0.5263158082962036
0.27272728085517883
0.2222222238779068
0.5263158082962036
0.36000001430511475
0.3611111044883728
0.48571428656578064
0.47457626461982727
0.4848484992980957
0.6363636255264282
0.3877550959587097
0.4444444477558136
0.38983049988746643
0.30000001192092896
0.5
0.4444444477558136
0.38461539149284363
0.5384615659713745
0.43103447556495667
0.44999998807907104
0.5
0.3333333432674408
0.48076921701431274
0.47058823704719543
0.4736842215061188
0.36666667461395264
0.5138888955116272
0.32608696818351746
0.47959184646606445
0.5
0.5263158082962036
0.3877550959587097
0.36538460850715637
0.4883720874786377
0.4444444477558136
0.3255814015865326
0.36734694242477417
0.3333333432674408
0.5769230723381042
0.31111112236976624
0.45098039507865906
0.717391312122345
0.5192307829856873
0.44999998807907104
0.3523809611797333
0.4285714328289032
0.4912280738353729
0.5
0.6304348111152649
0.5098039507865906
0.3137255012989044
0.42553192377090454
0.5510203838348389
0.4117647111415863
0.4821428656578064
0.46000000834465027
0.48076921701431274
0.48076921701431274
0.4736842215061188
0.2666666805744171
0.5
0.5882353186607361
0.4583333432674408
0.46666666865348816
0.7142857313156128
0.4166666567325592
0.42307692766189575
0.5806451439857483
0.5376344323158264
0.6739130616188049
0.5147058963775635
0.6000000238418579
0.5
0.6000000238418579
0.6122449040412903
0.5514018535614014
0.530434787273407
0.6172839403152466
0.5909090638160706
0.44565218687057495
0.3617021143436432
0.41860464215278625
0.35849055647850037
0.34285715222358704
0.4285714328289032
0.5876288414001465
0.5463917255401611
0.5199999809265137
0.5245901346206665
0.39344263076782227
0.6195651888847351
0.42424243688583374
0.6309523582458496
0.5362318754196167
0.35820895433425903
0.4482758641242981
0.5
0.46875
0.395061731338501
0.49494948983192444
0.49253731966018677
0.5625
0.6486486196517944
0.5476190447807312
0.477477490901947
0.6274510025978088
0.4444444477558136
0.45132744312286377
0.4838709533214569
0.5
0.6800000071525574
0.5957446694374084
0.4464285671710968
0.5882353186607361
0.5714285969734192
0.6111111044883728
0.4761904776096344
0.4000000059604645
0.574999988079071
0.42465752363204956
0.625
0.5405405163764954
0.8507462739944458
0.5087719559669495
0.529411792755127
0.5862069129943848
0.5277777910232544
0.3888888955116272
0.3125
0.6666666865348816
0.7037037014961243
0.7142857313156128
0.3076923191547394
0.4583333432674408
0.5555555820465088
0.31578946113586426
0.529411792755127
0.7439024448394775
0.6875
0.5
0.625
0.6153846383094788
0.5428571701049805
0.523809552192688
0.5384615659713745
0.699999988079071
0.3076923191547394
0.4444444477558136
0.36666667461395264
0.7200000286102295
0.5438596606254578
0.4642857015132904
0.6499999761581421
0.6200000047683716
0.52173912525177
0.640625
0.4693877696990967
0.7096773982048035
0.6111111044883728
0.7368420958518982
0.5121951103210449
0.5882353186607361
0.6774193644523621
0.4285714328289032
0.7333333492279053
0.5400000214576721
0.6829268336296082
0.5365853905677795
0.7068965435028076
0.5681818127632141
0.5625
0.550000011920929
0.375
0.7105262875556946
0.7777777910232544
0.7142857313156128
0.6000000238418579
0.6875
0.5263158082962036
0.5
0.6666666865348816
0.5384615659713745
0.6296296119689941
0.6153846383094788
0.5555555820465088
0.4193548262119293
0.4464285671710968
0.6216216087341309
0.5384615659713745
0.5747126340866089
0.53125
0.3709677457809448
0.591304361820221
0.5384615659713745
0.41818180680274963
0.5306122303009033
0.4444444477558136
0.3142857253551483
0.5
0.2571428716182709
0.4000000059604645
0.5333333611488342
0.47727271914482117
0.34210526943206787
0.4000000059604645
0.5571428537368774
0.4098360538482666
0.5375000238418579
0.4878048896789551
0.43478259444236755
0.5
0.49152541160583496
0.4444444477558136
0.46666666865348816
0.5185185074806213
0.47727271914482117
0.4444444477558136
0.27272728085517883
0.4545454680919647
0.4516128897666931
0.38461539149284363
0.40625
0.550000011920929
0.3499999940395355
0.6000000238418579
0.4038461446762085
0.42465752363204956
0.5820895433425903
0.4017094075679779
0.4146341383457184
0.5873016119003296
0.4444444477558136
0.48507463932037354
0.375
0.5
0.44999998807907104
0.37735849618911743
0.4268292784690857
0.5526315569877625
0.40425533056259155
0.375
0.42592594027519226
0.5535714030265808
0.5925925970077515
0.7213114500045776
0.6851851940155029
0.4166666567325592
0.7419354915618896
0.53125
0.695652186870575
0.59375
0.6153846383094788
0.6304348111152649
0.6000000238418579
0.5789473652839661
0.6222222447395325
0.5
0.6136363744735718
0.5121951103210449
0.47999998927116394
0.4693877696990967
0.7358490824699402
0.43478259444236755
0.7272727489471436
0.8125
0.6315789222717285
0.5227272510528564
0.47058823704719543
0.4285714328289032
0.5882353186607361
0.6078431606292725
0.375
0.6097561120986938
0.6111111044883728
0.5157894492149353
0.6451612710952759
0.523809552192688
0.6315789222717285
0.7419354915618896
0.6499999761581421
0.4736842215061188
0.52173912525177
0.550000011920929
0.8292682766914368
0.5151515007019043
0.5652173757553101
0.6052631735801697
0.2857142984867096
0.37735849618911743
0.4444444477558136
0.6666666865348816
0.5757575631141663
0.4318181872367859
0.4054054021835327
0.4642857015132904
0.5967742204666138
0.607594907283783
0.3661971688270569
0.5365853905677795
0.5625
0.4122137427330017
0.49180328845977783
0.5490196347236633
0.5116279125213623
0.7450980544090271
0.5555555820465088
0.6904761791229248
0.5
0.5432098507881165
0.5652173757553101
0.5438596606254578
0.5714285969734192
0.875
0.44999998807907104
0.3571428656578064
0.46666666865348816
0.5333333611488342
0.5
0.2857142984867096
0.2777777910232544
0.46666666865348816
0.48076921701431274
0.4117647111415863
0.550000011920929
0.6282051205635071
0.4285714328289032
0.6000000238418579
0.3529411852359772
0.41558441519737244
0.3921568691730499
0.7307692170143127
0.4375
0.65625
0.6571428775787354
0.4736842215061188
0.47058823704719543
0.5230769515037537
0.5490196347236633
0.6829268336296082
0.4000000059604645
0.4909090995788574
0.4583333432674408
0.7272727489471436
0.6399999856948853
0.5
0.5714285969734192
0.43478259444236755
0.5333333611488342
0.47058823704719543
0.4333333373069763
0.5
0.5806451439857483
0.6666666865348816
0.44999998807907104
0.6086956262588501
0.3333333432674408
0.5531914830207825
0.6666666865348816
0.49180328845977783
0.6000000238418579
0.5199999809265137
0.5243902206420898
0.5
0.6666666865348816
0.699999988079071
0.6875
0.3333333432674408
0.6842105388641357
0.5714285969734192
0.5789473652839661
0.3333333432674408
0.6666666865348816
0.65625
0.5357142686843872
0.4137931168079376
0.5882353186607361
0.5675675868988037
0.5428571701049805
0.40909090638160706
0.5208333134651184
0.4285714328289032
0.6774193644523621
0.5897436141967773
0.4318181872367859
0.6138613820075989
0.529411792755127
0.3199999928474426
0.7222222089767456
0.6451612710952759
0.5849056839942932
0.6190476417541504
0.761904776096344
0.5862069129943848
0.5333333611488342
0.4736842215061188
0.30000001192092896
0.5
0.5333333611488342
0.3461538553237915
0.5454545617103577
0.4736842215061188
0.30000001192092896
0.3103448152542114
0.38461539149284363
0.5588235259056091
0.375
0.699999988079071
0.2142857164144516
0.42307692766189575
0.41818180680274963
0.5
0.6285714507102966
0.40909090638160706
0.29032257199287415
0.5714285969734192
0.5405405163764954
0.3272727131843567
0.46268656849861145
0.4285714328289032
0.3333333432674408
0.3571428656578064
0.3142857253551483
0.529411792755127
0.4444444477558136
0.3888888955116272
0.40909090638160706
0.4722222089767456
0.5625
0.44999998807907104
0.4193548262119293
0.46666666865348816
0.5348837375640869
0.4444444477558136
0.42424243688583374
0.4893617033958435
0.4767441749572754
0.4615384638309479
0.5600000023841858
0.4117647111415863
0.45945945382118225
0.3499999940395355
0.3636363744735718
0.38461539149284363
0.410526305437088
0.43478259444236755
0.75
0.37931033968925476
0.38461539149284363
0.37837839126586914
0.23999999463558197
0.5806451439857483
0.5
0.2222222238779068
0.3529411852359772
0.4761904776096344
0.3037974536418915
0.6060606241226196
0.6060606241226196
0.48148149251937866
0.3030303120613098
0.44999998807907104
0.42105263471603394
0.34210526943206787
0.4117647111415863
0.29629629850387573
0.3125
0.523809552192688
0.2068965584039688
0.5180723071098328
0.5076923370361328
0.35849055647850037
0.3965517282485962
0.5
0.3333333432674408
0.4285714328289032
0.5
0.29032257199287415
0.4444444477558136
0.2083333283662796
0.5128205418586731
0.3461538553237915
0.20000000298023224
0.5
0.5
0.699999988079071
0.5142857432365417
0.5714285969734192
0.28125
0.3442623019218445
0.5151515007019043
0.3103448152542114
0.4897959232330322
0.6666666865348816
0.6000000238418579
0.3095238208770752
0.7333333492279053
0.3913043439388275
0.4482758641242981
0.4354838728904724
0.6935483813285828
0.3658536672592163
0.5882353186607361
0.3478260934352875
0.446153849363327
0.4444444477558136
0.4146341383457184
0.7272727489471436
0.4000000059604645
0.3571428656578064
0.3333333432674408
0.49253731966018677
0.5142857432365417
0.43939393758773804
0.4000000059604645
0.30000001192092896
0.3076923191547394
0.4838709533214569
0.39393940567970276
0.6333333253860474
0.5609756112098694
0.5
0.5365853905677795
0.4117647111415863
0.25
0.515625
0.5961538553237915
0.5691489577293396
0.4492753744125366
0.49193549156188965
0.5779816508293152
0.3918918967247009
0.6190476417541504
0.47058823704719543
0.5185185074806213
0.5185185074806213
0.5094339847564697
0.4642857015132904
0.5535714030265808
0.5609756112098694
0.23529411852359772
