0.375
0.7555555701255798
0.5277777910232544
0.761904776096344
0.7333333492279053
0.375
0.6176470518112183
0.6585366129875183
0.694915235042572
0.5609756112098694
0.692307710647583
0.5428571701049805
0.6842105388641357
0.6486486196517944
0.5333333611488342
0.6399999856948853
0.52173912525177
0.6428571343421936
0.7931034564971924
0.5555555820465088
0.6388888955116272
0.7222222089767456
0.47999998927116394
0.32258063554763794
0.4736842215061188
0.75
0.625
0.46875
0.2916666567325592
0.3684210479259491
0.6326530575752258
0.3333333432674408
0.7352941036224365
0.6875
0.699999988079071
0.46875
0.5909090638160706
0.7272727489471436
0.5526315569877625
0.604651153087616
0.5131579041481018
0.5
0.5777778029441833
0.6666666865348816
0.6086956262588501
0.6785714030265808
0.5199999809265137
0.695652186870575
0.5833333134651184
0.4848484992980957
0.695652186870575
0.5111111402511597
0.6041666865348816
0.6739130616188049
0.52173912525177
0.38235294818878174
0.4516128897666931
0.6071428656578064
0.6666666865348816
0.7200000286102295
0.6363636255264282
0.7169811129570007
0.6800000071525574
0.3571428656578064
0.5964912176132202
0.5555555820465088
0.5142857432365417
0.800000011920929
0.5588235259056091
0.6024096608161926
0.4736842215061188
0.7241379022598267
0.7307692170143127
0.38317757844924927
0.42553192377090454
0.6875
0.5094339847564697
0.6153846383094788
0.5588235259056091
0.5416666865348816
0.4848484992980957
0.5263158082962036
0.42307692766189575
0.6176470518112183
0.8500000238418579
0.6571428775787354
0.6086956262588501
0.46875
0.6756756901741028
0.6470588445663452
0.4399999976158142
0.6285714507102966
0.4000000059604645
0.5438596606254578
0.375
0.49056604504585266
0.8260869383811951
0.517241358757019
0.6000000238418579
0.7692307829856873
0.7250000238418579
0.6000000238418579
0.4000000059604645
0.43589743971824646
0.3529411852359772
0.5833333134651184
0.4482758641242981
0.38461539149284363
0.2222222238779068
0.4444444477558136
0.3333333432674408
0.38235294818878174
0.8085106611251831
0.6333333253860474
0.4313725531101227
0.6222222447395325
0.6097561120986938
0.7755101919174194
0.5813953280448914
0.569767415523529
0.6585366129875183
0.6756756901741028
0.4285714328289032
0.6166666746139526
0.5846154093742371
0.6992481350898743
0.7291666865348816
0.6851851940155029
0.7631579041481018
0.5652173757553101
0.6315789222717285
0.449438214302063
0.5517241358757019
0.7234042286872864
0.4000000059604645
0.6363636255264282
0.5555555820465088
0.8181818127632141
0.6086956262588501
0.38461539149284363
0.29411765933036804
0.5
0.6666666865348816
0.5
0.5428571701049805
0.7200000286102295
0.6111111044883728
0.550000011920929
0.46666666865348816
0.8157894611358643
0.59375
0.4615384638309479
0.6800000071525574
0.4545454680919647
0.71875
0.5
0.44999998807907104
0.5454545617103577
0.4444444477558136
0.5833333134651184
0.4285714328289032
0.6071428656578064
0.52173912525177
0.7123287916183472
0.7058823704719543
0.6842105388641357
0.7096773982048035
0.7666666507720947
0.3928571343421936
0.5833333134651184
0.29411765933036804
0.4375
0.4067796468734741
0.6888889074325562
0.5044247508049011
0.7586206793785095
0.4245283007621765
0.5625
0.5511810779571533
0.7029703259468079
0.568493127822876
0.5892857313156128
0.5423728823661804
0.52173912525177
0.2666666805744171
0.4482758641242981
0.7681159377098083
0.7441860437393188
0.6015037298202515
0.5288461446762085
0.5321100950241089
0.611940324306488
0.36000001430511475
0.5199999809265137
0.640625
0.6000000238418579
0.5416666865348816
0.44999998807907104
0.7083333134651184
0.5522388219833374
0.54347825050354
0.699999988079071
0.4492753744125366
0.6000000238418579
0.5666666626930237
0.5555555820465088
0.875
0.7142857313156128
0.6176470518112183
0.6428571343421936
0.5490196347236633
0.42500001192092896
0.5211267471313477
0.695652186870575
0.5789473652839661
0.4444444477558136
0.5333333611488342
0.5581395626068115
0.6899999976158142
0.739130437374115
0.5333333611488342
0.6428571343421936
0.29629629850387573
0.6363636255264282
0.5
0.6388888955116272
0.6756756901741028
0.6538461446762085
0.6875
0.5555555820465088
0.6415094137191772
0.695652186870575
0.7083333134651184
0.800000011920929
0.5882353186607361
0.8125
0.46875
0.7250000238418579
0.574999988079071
0.7090908885002136
0.5675675868988037
0.529411792755127
0.6578947305679321
0.6071428656578064
0.3478260934352875
0.6326530575752258
0.5625
0.8947368264198303
0.5263158082962036
0.7931034564971924
0.5
0.6818181872367859
0.5882353186607361
0.7931034564971924
0.5555555820465088
0.5263158082962036
0.5370370149612427
0.35483869910240173
0.3870967626571655
0.6440678238868713
0.47727271914482117
0.5227272510528564
0.4545454680919647
0.699999988079071
0.6315789222717285
0.7575757503509521
0.6363636255264282
0.5609756112098694
0.6739130616188049
0.6865671873092651
0.6000000238418579
0.5600000023841858
0.7777777910232544
0.6428571343421936
0.59375
0.46875
0.5600000023841858
0.4864864945411682
0.59375
0.4444444477558136
0.7894737124443054
0.48148149251937866
0.529411792755127
0.5348837375640869
0.6774193644523621
0.4390243887901306
0.6111111044883728
0.5476190447807312
0.6279069781303406
0.41304346919059753
0.604651153087616
0.6785714030265808
0.46341463923454285
0.447761207818985
0.5869565010070801
0.567307710647583
0.5263158082962036
0.6285714507102966
0.32608696818351746
0.5
0.6351351141929626
0.5882353186607361
0.4736842215061188
0.7222222089767456
0.5714285969734192
0.5058823823928833
0.7647058963775635
0.7037037014961243
0.3333333432674408
0.4791666567325592
0.4444444477558136
0.4545454680919647
0.3142857253551483
0.5662650465965271
0.5833333134651184
0.875
0.4516128897666931
0.8666666746139526
0.3684210479259491
0.4000000059604645
0.6363636255264282
0.4545454680919647
0.739130437374115
0.6800000071525574
0.6153846383094788
0.4871794879436493
0.5862069129943848
0.6486486196517944
0.5416666865348816
0.4736842215061188
0.3333333432674408
0.7906976938247681
0.4716981053352356
0.675000011920929
0.6000000238418579
0.5447154641151428
0.6309523582458496
0.6875
0.6052631735801697
0.5841584205627441
0.6363636255264282
0.6760563254356384
0.6190476417541504
0.46666666865348816
0.5
0.3207547068595886
0.6619718074798584
0.4939759075641632
0.5540540814399719
0.4868420958518982
0.4661017060279846
0.5199999809265137
0.8181818127632141
0.5789473652839661
0.5952380895614624
0.574999988079071
0.4749999940395355
0.5384615659713745
0.7037037014961243
0.7368420958518982
0.7209302186965942
0.699999988079071
0.739130437374115
0.42307692766189575
0.6153846383094788
0.4117647111415863
0.5675675868988037
0.7368420958518982
0.6499999761581421
0.54347825050354
0.43478259444236755
0.6964285969734192
0.5
0.52173912525177
0.5416666865348816
0.4651162922382355
0.550000011920929
0.3684210479259491
0.7777777910232544
0.6470588445663452
0.3333333432674408
0.21052631735801697
0.6470588445663452
0.2711864411830902
0.5161290168762207
0.42500001192092896
0.4516128897666931
0.40740740299224854
0.5483871102333069
0.5454545617103577
0.4615384638309479
0.37254902720451355
0.5
0.3958333432674408
0.5686274766921997
0.4000000059604645
0.48148149251937866
0.6666666865348816
0.53125
0.5925925970077515
0.23076923191547394
0.3636363744735718
0.48148149251937866
0.6122449040412903
0.5301204919815063
0.4032258093357086
0.7777777910232544
0.4516128897666931
0.5569620132446289
0.5185185074806213
0.35555556416511536
0.5569620132446289
0.6097561120986938
0.3913043439388275
0.40909090638160706
0.4054054021835327
0.375
0.41025641560554504
0.5
0.5
0.5249999761581421
0.5
0.5249999761581421
0.6470588445663452
0.53125
0.5138888955116272
0.5
0.5737704634666443
0.4444444477558136
0.3333333432674408
0.5952380895614624
0.4838709533214569
0.5151515007019043
0.46875
0.36000001430511475
0.40740740299224854
0.5571428537368774
0.47058823704719543
0.5142857432365417
0.5476190447807312
0.6393442749977112
0.5142857432365417
0.4444444477558136
0.4920634925365448
0.5
0.4444444477558136
0.4743589758872986
0.5
0.4000000059604645
0.574999988079071
0.44680851697921753
0.5
0.3888888955116272
0.3870967626571655
0.5454545617103577
0.7666666507720947
0.7419354915618896
0.529411792755127
0.5833333134651184
0.5
0.6315789222717285
0.27272728085517883
0.3333333432674408
0.5526315569877625
0.5600000023841858
0.6111111044883728
0.5142857432365417
0.5762711763381958
0.4545454680919647
0.7272727489471436
0.6122449040412903
0.4444444477558136
0.5932203531265259
0.30000001192092896
0.7916666865348816
0.5555555820465088
0.5384615659713745
0.5384615659713745
0.48275861144065857
0.46666666865348816
0.53125
0.4761904776096344
0.6346153616905212
0.529411792755127
0.4736842215061188
0.5
0.6805555820465088
0.3913043439388275
0.5306122303009033
0.5
0.5
0.4693877696990967
0.5384615659713745
0.5581395626068115
0.5370370149612427
0.604651153087616
0.5714285969734192
0.6041666865348816
0.5192307829856873
0.42222222685813904
0.5686274766921997
0.6521739363670349
0.5
0.5
0.5523809790611267
0.3877550959587097
0.45614033937454224
0.43478259444236755
0.54347825050354
0.6274510025978088
0.5490196347236633
0.5106382966041565
0.5102040767669678
0.5098039507865906
0.5
0.5199999809265137
0.32692307233810425
0.557692289352417
0.4736842215061188
0.4444444477558136
0.260869562625885
0.5098039507865906
0.625
0.6222222447395325
0.40816327929496765
0.5833333134651184
0.38461539149284363
0.6344085931777954
0.7956989407539368
0.6086956262588501
0.5
0.6666666865348816
0.7250000238418579
0.7400000095367432
0.5102040767669678
0.672897219657898
0.730434775352478
0.7160493731498718
0.6272727251052856
0.5978260636329651
0.6276595592498779
0.6511628031730652
0.4716981053352356
0.39047619700431824
0.625
0.6391752362251282
0.7010309100151062
0.6000000238418579
0.5737704634666443
0.4590163826942444
0.6630434989929199
0.469696968793869
0.4761904776096344
0.6521739363670349
0.34328359365463257
0.4482758641242981
0.46666666865348816
0.59375
0.45679011940956116
0.6161616444587708
0.4776119291782379
0.625
0.6756756901741028
0.5
0.5675675868988037
0.47058823704719543
0.5555555820465088
0.76106196641922
0.35483869910240173
0.7857142686843872
0.5600000023841858
0.7446808218955994
0.5357142686843872
0.8235294222831726
0.7976190447807312
0.6111111044883728
0.5396825671195984
0.5428571701049805
0.44999998807907104
0.5890411138534546
0.78125
0.4324324429035187
0.7164179086685181
0.7017543911933899
0.7254902124404907
0.6206896305084229
0.4166666567325592
0.3888888955116272
0.25
0.6666666865348816
0.5925925970077515
0.7142857313156128
0.1538461595773697
0.6666666865348816
0.5185185074806213
0.2631579041481018
0.8235294222831726
0.7317073345184326
0.6875
0.6363636255264282
0.625
0.6153846383094788
0.6571428775787354
0.5714285969734192
0.6153846383094788
0.699999988079071
0.4615384638309479
0.6666666865348816
0.6000000238418579
0.5199999809265137
0.7017543911933899
0.7142857313156128
0.625
0.5400000214576721
0.739130437374115
0.71875
0.5714285969734192
0.6774193644523621
0.7222222089767456
0.7368420958518982
0.4878048896789551
0.5882353186607361
0.7419354915618896
0.8095238208770752
0.6666666865348816
0.5199999809265137
0.8536585569381714
0.6585366129875183
0.6896551847457886
0.5454545617103577
0.65625
0.675000011920929
0.625
0.5526315569877625
0.8333333134651184
0.5952380895614624
0.6000000238418579
0.8125
0.6315789222717285
0.8333333134651184
0.7833333611488342
0.4615384638309479
0.5925925970077515
0.692307710647583
0.6111111044883728
0.4032258093357086
0.5
0.5135135054588318
0.6666666865348816
0.540229856967926
0.484375
0.5483871102333069
0.7130434513092041
0.6769230961799622
0.4000000059604645
0.40816327929496765
0.40740740299224854
0.3285714387893677
0.44999998807907104
0.2857142984867096
0.2666666805744171
0.5222222208976746
0.5681818127632141
0.42105263471603394
0.4399999976158142
0.6428571343421936
0.4590163826942444
0.5375000238418579
0.4146341383457184
0.5869565010070801
0.6666666865348816
0.6016949415206909
0.5
0.5333333611488342
0.5925925970077515
0.560606062412262
0.5
0.3636363744735718
0.5151515007019043
0.4516128897666931
0.41025641560554504
0.5
0.5
0.44999998807907104
0.47999998927116394
0.5769230723381042
0.6301369667053223
0.6268656849861145
0.6581196784973145
0.5121951103210449
0.6984127163887024
0.3611111044883728
0.5970149040222168
0.4444444477558136
0.5714285969734192
0.6000000238418579
0.4150943458080292
0.5487805008888245
0.31578946113586426
0.42553192377090454
0.453125
0.4444444477558136
0.6071428656578064
0.6481481194496155
0.5573770403862
0.7777777910232544
0.5
0.6774193644523621
0.671875
0.52173912525177
0.46875
0.7692307829856873
0.6739130616188049
0.5666666626930237
0.6842105388641357
0.6000000238418579
0.4444444477558136
0.6363636255264282
0.5365853905677795
0.5400000214576721
0.6734693646430969
0.7924528121948242
0.695652186870575
0.7727272510528564
0.6875
0.6842105388641357
0.5
0.6470588445663452
0.6666666865348816
0.7058823704719543
0.8235294222831726
0.5625
0.5121951103210449
0.6111111044883728
0.7052631378173828
0.6774193644523621
0.6190476417541504
0.4736842215061188
0.8064516186714172
0.75
0.5789473652839661
0.8695651888847351
0.6499999761581421
0.8536585569381714
0.5757575631141663
0.6086956262588501
0.5921052694320679
0.4285714328289032
0.7924528121948242
0.40740740299224854
0.8253968358039856
0.5757575631141663
0.5909090638160706
0.7027027010917664
0.5714285969734192
0.6935483813285828
0.797468364238739
0.39436620473861694
0.6951219439506531
0.703125
0.6641221642494202
0.5573770403862
0.6274510025978088
0.6976743936538696
0.6274510025978088
0.7777777910232544
0.761904776096344
0.6000000238418579
0.5308641791343689
0.695652186870575
0.8245614171028137
0.3333333432674408
0.875
0.699999988079071
0.4285714328289032
0.4000000059604645
0.7333333492279053
0.5625
0.5952380895614624
0.3333333432674408
0.4000000059604645
0.5961538553237915
0.6470588445663452
0.25
0.6666666865348816
0.6071428656578064
0.699999988079071
0.6176470518112183
0.7142857313156128
0.5686274766921997
0.75
0.625
0.625
0.6285714507102966
0.31578946113586426
0.47058823704719543
0.7076923251152039
0.4901960790157318
0.7317073345184326
0.5199999809265137
0.5272727012634277
0.375
0.5681818127632141
0.6800000071525574
0.7142857313156128
0.48571428656578064
0.43478259444236755
0.6000000238418579
0.47058823704719543
0.5
0.625
0.4516128897666931
0.40740740299224854
0.44999998807907104
0.47826087474823
0.4285714328289032
0.5106382966041565
0.5
0.5409836173057556
0.6499999761581421
0.36000001430511475
0.6951219439506531
0.7307692170143127
0.5
0.550000011920929
0.5625
0.5833333134651184
0.6052631735801697
0.4285714328289032
0.6315789222717285
0.4000000059604645
0.692307710647583
0.765625
0.75
0.4482758641242981
0.5882353186607361
0.4054054021835327
0.6000000238418579
0.5
0.5416666865348816
0.6571428775787354
0.8709677457809448
0.6410256624221802
0.7272727489471436
0.6435643434524536
0.5588235259056091
0.47999998927116394
0.7592592835426331
0.7419354915618896
0.7735849022865295
0.6666666865348816
0.7142857313156128
0.5517241358757019
0.5333333611488342
0.4736842215061188
0.5666666626930237
0.5
0.5
0.38461539149284363
0.5151515007019043
0.3684210479259491
0.46666666865348816
0.37931033968925476
0.3076923191547394
0.6176470518112183
0.25
0.5
0.1428571492433548
0.5769230723381042
0.4909090995788574
0.5925925970077515
0.5428571701049805
0.40909090638160706
0.32258063554763794
0.5714285969734192
0.5945945978164673
0.5090909004211426
0.5373134613037109
0.5714285969734192
0.3333333432674408
0.5
0.380952388048172
0.529411792755127
0.2777777910232544
0.5555555820465088
0.5454545617103577
0.3611111044883728
0.6041666865348816
0.550000011920929
0.6774193644523621
0.3333333432674408
0.5813953280448914
0.5185185074806213
0.39393940567970276
0.4893617033958435
0.569767415523529
0.4615384638309479
0.4000000059604645
0.529411792755127
0.45945945382118225
0.375
0.3636363744735718
0.692307710647583
0.3263157904148102
0.3695652186870575
0.5
0.4137931168079376
0.5384615659713745
0.4864864945411682
0.36000001430511475
0.6774193644523621
0.47826087474823
0.2222222238779068
0.47058823704719543
0.380952388048172
0.3544303774833679
0.5757575631141663
0.5454545617103577
0.4444444477558136
0.42424243688583374
0.550000011920929
0.42105263471603394
0.34210526943206787
0.47058823704719543
0.37037035822868347
0.5625
0.4285714328289032
0.4482758641242981
0.5180723071098328
0.6461538672447205
0.4716981053352356
0.32758620381355286
0.47826087474823
0.3888888955116272
0.4761904776096344
0.5833333134651184
0.4193548262119293
0.46666666865348816
0.2916666567325592
0.6153846383094788
0.39743590354919434
0.1599999964237213
0.5625
0.5
0.44999998807907104
0.6571428775787354
0.5
0.484375
0.4098360538482666
0.6363636255264282
0.48275861144065857
0.36734694242477417
0.4166666567325592
0.5333333611488342
0.4761904776096344
0.6000000238418579
0.260869562625885
0.5862069129943848
0.4193548262119293
0.7903226017951965
0.4146341383457184
0.4117647111415863
0.30434781312942505
0.6153846383094788
0.4444444477558136
0.6097561120986938
0.7727272510528564
0.5714285969734192
0.5
0.4166666567325592
0.6716417670249939
0.6000000238418579
0.5303030014038086
0.4000000059604645
0.3499999940395355
0.38461539149284363
0.5698924660682678
0.3333333432674408
0.4333333373069763
0.5853658318519592
0.3333333432674408
0.6829268336296082
0.3529411852359772
0.625
0.5625
0.5
0.5797872543334961
0.4637681245803833
0.6693548560142517
0.5779816508293152
0.4864864945411682
0.6507936716079712
0.5147058963775635
0.7407407164573669
0.6666666865348816
0.3962264060974121
0.6428571343421936
0.7321428656578064
0.4878048896789551
0.47058823704719543
