0.2291666716337204
0.800000011920929
0.5277777910232544
0.6666666865348816
0.7333333492279053
0.625
0.529411792755127
0.5365853905677795
0.6779661178588867
0.5609756112098694
0.7435897588729858
0.5428571701049805
0.7368420958518982
0.4324324429035187
0.46666666865348816
0.7200000286102295
0.5652173757553101
0.738095223903656
0.7931034564971924
0.6666666865348816
0.6666666865348816
0.5555555820465088
0.47999998927116394
0.6129032373428345
0.8421052694320679
0.7916666865348816
0.6499999761581421
0.65625
0.5833333134651184
0.6842105388641357
0.6938775777816772
0.4761904776096344
0.8235294222831726
0.8125
0.6499999761581421
0.5625
0.5
0.6363636255264282
0.7631579041481018
0.6976743936538696
0.7631579041481018
0.6818181872367859
0.6666666865348816
0.75
0.52173912525177
0.3928571343421936
0.4399999976158142
0.6086956262588501
0.6666666865348816
0.5151515007019043
0.695652186870575
0.5555555820465088
0.7083333134651184
0.717391312122345
0.8260869383811951
0.6764705777168274
0.3870967626571655
0.5178571343421936
0.6190476417541504
0.7200000286102295
0.7575757503509521
0.8867924809455872
0.7200000286102295
0.6428571343421936
0.5789473652839661
0.4444444477558136
0.4571428596973419
0.8307692408561707
0.529411792755127
0.650602400302887
0.5263158082962036
0.6551724076271057
0.692307710647583
0.644859790802002
0.5319148898124695
0.65625
0.6603773832321167
0.5
0.3235294222831726
0.6666666865348816
0.5151515007019043
0.5789473652839661
0.42307692766189575
0.5882353186607361
0.8999999761581421
0.6571428775787354
0.52173912525177
0.671875
0.5945945978164673
0.8235294222831726
0.5199999809265137
0.4571428596973419
0.5799999833106995
0.7894737124443054
0.6875
0.7169811129570007
0.5652173757553101
0.4137931168079376
0.7142857313156128
0.8461538553237915
0.75
0.44999998807907104
0.4000000059604645
0.38461539149284363
0.47058823704719543
0.5833333134651184
0.37931033968925476
0.692307710647583
0.3333333432674408
0.4444444477558136
0.3333333432674408
0.3235294222831726
0.8297872543334961
0.6111111044883728
0.6078431606292725
0.6888889074325562
0.8048780560493469
0.8299319744110107
0.7209302186965942
0.4651162922382355
0.7317073345184326
0.7837837934494019
0.4897959232330322
0.699999988079071
0.5846154093742371
0.6541353464126587
0.7916666865348816
0.6111111044883728
0.5526315569877625
0.54347825050354
0.9210526347160339
0.47191011905670166
0.6551724076271057
0.8085106611251831
0.6000000238418579
0.5909090638160706
0.5925925970077515
0.7272727489471436
0.782608687877655
0.7307692170143127
0.4117647111415863
0.625
0.6666666865348816
0.42307692766189575
0.48571428656578064
0.7200000286102295
0.6111111044883728
0.5
0.3333333432674408
0.6578947305679321
0.4375
0.4615384638309479
0.8266666531562805
0.3181818127632141
0.75
0.5
0.4000000059604645
0.5
0.4444444477558136
0.5833333134651184
0.6071428656578064
0.75
0.695652186870575
0.5890411138534546
0.7058823704719543
0.7368420958518982
0.7419354915618896
0.800000011920929
0.6428571343421936
0.6944444179534912
0.3529411852359772
0.53125
0.4237288236618042
0.5333333611488342
0.6460176706314087
0.7068965435028076
0.5471698045730591
0.762499988079071
0.6692913174629211
0.6732673048973083
0.5136986374855042
0.5714285969734192
0.6440678238868713
0.7246376872062683
0.4000000059604645
0.7241379022598267
0.7536231875419617
0.569767415523529
0.6766917109489441
0.6634615659713745
0.6146789193153381
0.5223880410194397
0.6000000238418579
0.699999988079071
0.484375
0.675000011920929
0.625
0.6000000238418579
0.75
0.6567164063453674
0.52173912525177
0.4000000059604645
0.6086956262588501
0.699999988079071
0.6666666865348816
0.3333333432674408
0.9375
0.7551020383834839
0.5882353186607361
0.6071428656578064
0.5098039507865906
0.574999988079071
0.6760563254356384
0.8260869383811951
0.5789473652839661
0.5555555820465088
0.7333333492279053
0.6279069781303406
0.6899999976158142
0.6521739363670349
0.46666666865348816
0.5357142686843872
0.5925925970077515
0.40909090638160706
0.42307692766189575
0.5416666865348816
0.5810810923576355
0.5769230723381042
0.6458333134651184
0.7111111283302307
0.8113207817077637
0.6086956262588501
0.6666666865348816
0.7200000286102295
0.529411792755127
0.84375
0.65625
0.875
0.5249999761581421
0.8181818127632141
0.5405405163764954
0.6470588445663452
0.7105262875556946
0.6785714030265808
0.47826087474823
0.8571428656578064
0.6875
0.6315789222717285
0.4736842215061188
0.6896551847457886
0.3333333432674408
0.8636363744735718
0.7058823704719543
0.7586206793785095
0.6666666865348816
0.6842105388641357
0.6666666865348816
0.4193548262119293
0.5806451439857483
0.6271186470985413
0.7045454382896423
0.5227272510528564
0.6818181872367859
0.5333333611488342
0.5
0.5757575631141663
0.6545454263687134
0.5121951103210449
0.52173912525177
0.6268656849861145
0.6000000238418579
0.6800000071525574
0.7037037014961243
0.6428571343421936
0.625
0.59375
0.6399999856948853
0.5675675868988037
0.625
0.5555555820465088
0.6578947305679321
0.5555555820465088
0.5588235259056091
0.6860465407371521
0.7096773982048035
0.4390243887901306
0.7222222089767456
0.6904761791229248
0.6744186282157898
0.6521739363670349
0.5813953280448914
0.8035714030265808
0.6097561120986938
0.5223880410194397
0.5
0.7019230723381042
0.5614035129547119
0.7142857313156128
0.43478259444236755
0.5625
0.7162162065505981
0.5882353186607361
0.6842105388641357
0.7962962985038757
0.6857143044471741
0.6470588445663452
0.75
0.7037037014961243
0.25
0.4375
0.5555555820465088
0.4848484992980957
0.34285715222358704
0.5542168617248535
0.6666666865348816
0.5416666865348816
0.4838709533214569
0.8666666746139526
0.3684210479259491
0.46666666865348816
0.5454545617103577
0.6363636255264282
0.43478259444236755
0.4000000059604645
0.6153846383094788
0.5128205418586731
0.7241379022598267
0.4324324429035187
0.3333333432674408
0.6315789222717285
0.6666666865348816
0.8139534592628479
0.4528301954269409
0.5249999761581421
0.5714285969734192
0.6829268336296082
0.5357142686843872
0.78125
0.6578947305679321
0.6534653306007385
0.5727272629737854
0.6901408433914185
0.4523809552192688
0.5333333611488342
0.6363636255264282
0.4716981053352356
0.6478873491287231
0.4939759075641632
0.7432432174682617
0.5
0.47457626461982727
0.5199999809265137
0.8363636136054993
0.6842105388641357
0.5714285969734192
0.625
0.4749999940395355
0.4615384638309479
0.7037037014961243
0.6315789222717285
0.5813953280448914
0.699999988079071
0.6304348111152649
0.692307710647583
0.4423076808452606
0.529411792755127
0.7567567825317383
0.5263158082962036
0.625
0.6086956262588501
0.5652173757553101
0.7321428656578064
0.53125
0.47826087474823
0.4583333432674408
0.5813953280448914
0.550000011920929
0.5263158082962036
0.7222222089767456
0.5882353186607361
0.3888888955116272
0.2631579041481018
0.47058823704719543
0.5423728823661804
0.5161290168762207
0.44999998807907104
0.4516128897666931
0.5555555820465088
0.3870967626571655
0.4545454680919647
0.4615384638309479
0.3529411852359772
0.46666666865348816
0.5520833134651184
0.7254902124404907
0.48571428656578064
0.5185185074806213
0.5555555820465088
0.59375
0.5555555820465088
0.3076923191547394
0.3636363744735718
0.5185185074806213
0.7346938848495483
0.5662650465965271
0.32258063554763794
0.8333333134651184
0.6451612710952759
0.5316455960273743
0.5185185074806213
0.4444444477558136
0.6202531456947327
0.46341463923454285
0.43478259444236755
0.40909090638160706
0.5405405163764954
0.5178571343421936
0.4871794879436493
0.5
0.3181818127632141
0.5249999761581421
0.5555555820465088
0.675000011920929
0.47058823704719543
0.5
0.5833333134651184
0.5
0.5409836173057556
0.644444465637207
0.4000000059604645
0.6190476417541504
0.5806451439857483
0.39393940567970276
0.59375
0.6000000238418579
0.40740740299224854
0.5857142806053162
0.5882353186607361
0.7142857313156128
0.5714285969734192
0.6393442749977112
0.48571428656578064
0.4444444477558136
0.5396825671195984
0.4375
0.6388888955116272
0.5897436141967773
0.4761904776096344
0.4000000059604645
0.4749999940395355
0.5319148898124695
0.6000000238418579
0.2777777910232544
0.4838709533214569
0.6818181872367859
0.699999988079071
0.7419354915618896
0.6470588445663452
0.5833333134651184
0.529411792755127
0.6315789222717285
0.27272728085517883
0.3333333432674408
0.5789473652839661
0.5
0.6388888955116272
0.6571428775787354
0.5254237055778503
0.6363636255264282
0.5454545617103577
0.4897959232330322
0.5555555820465088
0.5932203531265259
0.20000000298023224
0.6666666865348816
0.4444444477558136
0.4615384638309479
0.6153846383094788
0.5
0.6166666746139526
0.5
0.380952388048172
0.38461539149284363
0.5588235259056091
0.5263158082962036
0.4000000059604645
0.7083333134651184
0.6086956262588501
0.6836734414100647
0.6363636255264282
0.4736842215061188
0.6938775777816772
0.557692289352417
0.5813953280448914
0.4444444477558136
0.44186046719551086
0.7142857313156128
0.6041666865348816
0.5961538553237915
0.4444444477558136
0.5686274766921997
0.6739130616188049
0.6538461446762085
0.6333333253860474
0.561904788017273
0.6122449040412903
0.5087719559669495
0.5652173757553101
0.760869562625885
0.5882353186607361
0.4901960790157318
0.5319148898124695
0.6122449040412903
0.45098039507865906
0.6964285969734192
0.5600000023841858
0.48076921701431274
0.5192307829856873
0.3684210479259491
0.4888888895511627
0.47826087474823
0.6078431606292725
0.7083333134651184
0.5555555820465088
0.5714285969734192
0.5625
0.5769230723381042
0.602150559425354
0.6344085931777954
0.739130437374115
0.6029411554336548
0.7333333492279053
0.675000011920929
0.75
0.5306122303009033
0.6168224215507507
0.643478274345398
0.6419752836227417
0.699999988079071
0.6847826242446899
0.563829779624939
0.6627907156944275
0.4716981053352356
0.7142857313156128
0.6071428656578064
0.6804123520851135
0.7525773048400879
0.6200000047683716
0.6393442749977112
0.4098360538482666
0.5760869383811951
0.6060606241226196
0.7023809552192688
0.6086956262588501
0.5373134613037109
0.7586206793785095
0.5666666626930237
0.59375
0.4444444477558136
0.5959596037864685
0.8059701323509216
0.5625
0.662162184715271
0.4761904776096344
0.7027027010917664
0.6078431606292725
0.5555555820465088
0.6814159154891968
0.6290322542190552
0.7857142686843872
0.800000011920929
0.8085106611251831
0.5714285969734192
0.8235294222831726
0.6428571343421936
0.5555555820465088
0.761904776096344
0.800000011920929
0.5249999761581421
0.6301369667053223
0.8125
0.7027027010917664
0.8059701323509216
0.719298243522644
0.8039215803146362
0.568965494632721
0.5555555820465088
0.5833333134651184
0.375
0.8024691343307495
0.7777777910232544
0.761904776096344
0.3076923191547394
0.6666666865348816
0.5925925970077515
0.42105263471603394
0.5882353186607361
0.6585366129875183
0.625
0.5909090638160706
0.3125
0.5384615659713745
0.7142857313156128
0.523809552192688
0.5384615659713745
0.699999988079071
0.6153846383094788
0.6111111044883728
0.5333333611488342
0.5199999809265137
0.6666666865348816
0.7678571343421936
0.7250000238418579
0.7200000286102295
0.695652186870575
0.71875
0.8367347121238708
0.6774193644523621
0.7222222089767456
0.8421052694320679
0.5365853905677795
0.6470588445663452
0.7096773982048035
0.8571428656578064
0.6666666865348816
0.5199999809265137
0.707317054271698
0.8292682766914368
0.8103448152542114
0.75
0.71875
0.7749999761581421
0.625
0.6842105388641357
0.8333333134651184
0.6904761791229248
0.5333333611488342
0.6875
0.4736842215061188
0.6666666865348816
0.7333333492279053
0.5384615659713745
0.7407407164573669
0.8153846263885498
0.6666666865348816
0.6612903475761414
0.5178571343421936
0.5945945978164673
0.7435897588729858
0.6666666865348816
0.65625
0.5645161271095276
0.6695652008056641
0.6615384817123413
0.6000000238418579
0.44897958636283875
0.48148149251937866
0.5142857432365417
0.44999998807907104
0.4000000059604645
0.46666666865348816
0.6333333253860474
0.4318181872367859
0.5263158082962036
0.47999998927116394
0.6142857074737549
0.7049180269241333
0.6875
0.5609756112098694
0.52173912525177
0.7666666507720947
0.508474588394165
0.4444444477558136
0.5333333611488342
0.5185185074806213
0.5530303120613098
0.8055555820465088
0.4318181872367859
0.6060606241226196
0.5806451439857483
0.6410256624221802
0.5625
0.5
0.699999988079071
0.5799999833106995
0.6346153616905212
0.5753424763679504
0.6567164063453674
0.752136766910553
0.6585366129875183
0.7301587462425232
0.5972222089767456
0.7611940503120422
0.5555555820465088
0.5
0.550000011920929
0.43396225571632385
0.6097561120986938
0.44736841320991516
0.5531914830207825
0.453125
0.42592594027519226
0.6071428656578064
0.6666666865348816
0.7704917788505554
0.6851851940155029
0.8055555820465088
0.774193525314331
0.546875
0.739130437374115
0.59375
0.807692289352417
0.8478260636329651
0.7666666507720947
0.6315789222717285
0.5111111402511597
0.5555555820465088
0.7045454382896423
0.707317054271698
0.699999988079071
0.7551020383834839
0.8113207817077637
0.5652173757553101
0.8181818127632141
0.6875
0.7368420958518982
0.5909090638160706
0.5882353186607361
0.5714285969734192
0.7058823704719543
0.9019607901573181
0.5
0.5609756112098694
0.8402777910232544
0.7157894968986511
0.6451612710952759
0.6190476417541504
0.5789473652839661
0.8709677457809448
0.75
0.7105262875556946
0.739130437374115
0.6499999761581421
0.8780487775802612
0.6060606241226196
0.695652186870575
0.7368420958518982
0.5
0.8113207817077637
0.5185185074806213
0.8730158805847168
0.5454545617103577
0.4318181872367859
0.5945945978164673
0.6785714030265808
0.6290322542190552
0.8227847814559937
0.7323943376541138
0.7195122241973877
0.65625
0.6488549709320068
0.7540983557701111
0.6274510025978088
0.8604651093482971
0.9019607901573181
0.7962962985038757
0.6428571343421936
0.800000011920929
0.6913580298423767
0.782608687877655
0.8070175647735596
0.4761904776096344
0.84375
0.75
0.5714285969734192
0.5333333611488342
0.6000000238418579
0.59375
0.380952388048172
0.3333333432674408
0.2666666805744171
0.4423076808452606
0.6764705777168274
0.6499999761581421
0.5384615659713745
0.4642857015132904
0.6000000238418579
0.6176470518112183
0.7402597665786743
0.5490196347236633
0.692307710647583
0.5
0.71875
0.6285714507102966
0.5263158082962036
0.529411792755127
0.7846153974533081
0.686274528503418
0.707317054271698
0.47999998927116394
0.6909090876579285
0.6666666865348816
0.7045454382896423
0.6800000071525574
0.8214285969734192
0.5142857432365417
0.43478259444236755
0.6666666865348816
0.529411792755127
0.6333333253860474
0.65625
0.5483871102333069
0.8148148059844971
0.7333333492279053
0.6086956262588501
0.380952388048172
0.7234042286872864
0.7666666507720947
0.6557376980781555
0.6000000238418579
0.4000000059604645
0.6097561120986938
0.7692307829856873
0.6666666865348816
0.824999988079071
0.6875
0.5416666865348816
0.7368420958518982
0.761904776096344
0.6315789222717285
0.6000000238418579
0.7948718070983887
0.6875
0.75
0.6206896305084229
0.8823529481887817
0.6756756901741028
0.5142857432365417
0.5
0.5833333134651184
0.5142857432365417
0.8387096524238586
0.6410256624221802
0.5681818127632141
0.6138613820075989
0.529411792755127
0.47999998927116394
0.6666666865348816
0.8064516186714172
0.6603773832321167
0.7142857313156128
0.761904776096344
0.5862069129943848
0.6000000238418579
0.5263158082962036
0.5
0.3888888955116272
0.6666666865348816
0.4615384638309479
0.6969696879386902
0.31578946113586426
0.7333333492279053
0.4482758641242981
0.23076923191547394
0.529411792755127
0.44999998807907104
0.800000011920929
0.1428571492433548
0.5
0.6909090876579285
0.5370370149612427
0.48571428656578064
0.40909090638160706
0.3870967626571655
0.523809552192688
0.4864864945411682
0.5636363625526428
0.5522388219833374
0.5714285969734192
0.3030303120613098
0.5714285969734192
0.4476190507411957
0.5882353186607361
0.3333333432674408
0.6666666865348816
0.5454545617103577
0.5
0.5
0.3499999940395355
0.5806451439857483
0.4000000059604645
0.604651153087616
0.5740740895271301
0.5454545617103577
0.4893617033958435
0.5232558250427246
0.36538460850715637
0.36000001430511475
0.47058823704719543
0.4054054021835327
0.42500001192092896
0.22727273404598236
0.5384615659713745
0.42105263471603394
0.5869565010070801
0.6666666865348816
0.24137930572032928
0.4615384638309479
0.4864864945411682
0.36000001430511475
0.7096773982048035
0.5652173757553101
0.4444444477558136
0.529411792755127
0.523809552192688
0.39240506291389465
0.5757575631141663
0.4848484992980957
0.5555555820465088
0.3333333432674408
0.6000000238418579
0.3684210479259491
0.42105263471603394
0.44117647409439087
0.3333333432674408
0.5625
0.4761904776096344
0.37931033968925476
0.5060241222381592
0.6461538672447205
0.49056604504585266
0.5
0.6521739363670349
0.4444444477558136
0.4285714328289032
0.5520833134651184
0.5483871102333069
0.4888888895511627
0.3958333432674408
0.5897436141967773
0.43589743971824646
0.20000000298023224
0.4375
0.38461539149284363
0.25
0.6285714507102966
0.4285714328289032
0.421875
0.5901639461517334
0.6060606241226196
0.3103448152542114
0.4693877696990967
0.5833333134651184
0.7333333492279053
0.6190476417541504
0.699999988079071
0.3478260934352875
0.5517241358757019
0.5322580933570862
0.8548387289047241
0.2926829159259796
0.7647058963775635
0.3913043439388275
0.6615384817123413
0.6666666865348816
0.46341463923454285
0.7727272510528564
0.4285714328289032
0.3571428656578064
0.25
0.46268656849861145
0.5428571701049805
0.6212121248245239
0.30000001192092896
0.4749999940395355
0.23076923191547394
0.698924720287323
0.39393940567970276
0.4333333373069763
0.707317054271698
0.4333333373069763
0.6585366129875183
0.29411765933036804
0.6875
0.515625
0.6346153616905212
0.6276595592498779
0.5652173757553101
0.7016128897666931
0.6697247624397278
0.47297295928001404
0.6507936716079712
0.6323529481887817
0.7037037014961243
0.7037037014961243
0.6603773832321167
0.7142857313156128
0.625
0.5487805008888245
0.7058823704719543
