0.5416666865348816
0.800000011920929
0.3888888955116272
0.761904776096344
0.800000011920929
0.7250000238418579
0.7647058963775635
0.8780487775802612
0.7288135886192322
0.7317073345184326
0.7435897588729858
0.6571428775787354
0.8947368264198303
0.8108108043670654
0.5
0.6399999856948853
0.6086956262588501
0.738095223903656
0.7586206793785095
0.6296296119689941
0.7222222089767456
0.8333333134651184
0.6399999856948853
0.6774193644523621
0.8421052694320679
0.75
0.6499999761581421
0.625
0.625
0.7368420958518982
0.7346938848495483
0.4761904776096344
0.8676470518112183
0.8125
0.6499999761581421
0.5625
0.6818181872367859
0.6818181872367859
0.6578947305679321
0.6976743936538696
0.7763158082962036
0.40909090638160706
0.7333333492279053
0.75
0.695652186870575
0.6071428656578064
0.47999998927116394
0.782608687877655
0.5
0.3030303120613098
0.739130437374115
0.5777778029441833
0.7083333134651184
0.6739130616188049
0.6086956262588501
0.529411792755127
0.5161290168762207
0.6428571343421936
0.8095238208770752
0.7599999904632568
0.7575757503509521
0.9056603908538818
0.7200000286102295
0.8214285969734192
0.7017543911933899
0.7777777910232544
0.48571428656578064
0.6769230961799622
0.529411792755127
0.5060241222381592
0.42105263471603394
0.8275862336158752
0.6153846383094788
0.6355140209197998
0.6808510422706604
0.78125
0.7547169923782349
0.6538461446762085
0.5882353186607361
0.5
0.7272727489471436
0.6052631735801697
0.692307710647583
0.47058823704719543
0.8500000238418579
0.5428571701049805
0.8695651888847351
0.640625
0.8918918967247009
0.6470588445663452
0.7200000286102295
0.8285714387893677
0.5199999809265137
0.5438596606254578
0.625
0.8301886916160583
0.739130437374115
0.48275861144065857
0.6571428775787354
0.8461538553237915
0.7250000238418579
0.5
0.5600000023841858
0.6666666865348816
0.47058823704719543
0.6833333373069763
0.4137931168079376
0.6153846383094788
0.4444444477558136
0.48148149251937866
0.4166666567325592
0.5882353186607361
0.8297872543334961
0.7888888716697693
0.8235294222831726
0.644444465637207
0.6341463327407837
0.8707482814788818
0.7441860437393188
0.6511628031730652
0.7560975551605225
0.8108108043670654
0.5510203838348389
0.8666666746139526
0.7538461685180664
0.7443609237670898
0.8541666865348816
0.6666666865348816
0.7368420958518982
0.54347825050354
0.7894737124443054
0.5280898809432983
0.6896551847457886
0.8085106611251831
0.5333333611488342
0.8409090638160706
0.7407407164573669
0.8636363744735718
0.6521739363670349
0.6153846383094788
0.529411792755127
0.4583333432674408
0.7777777910232544
0.5384615659713745
0.4571428596973419
0.6800000071525574
0.5555555820465088
0.6499999761581421
0.46666666865348816
0.7631579041481018
0.59375
0.7692307829856873
0.5600000023841858
0.6363636255264282
0.6875
0.6363636255264282
0.5
0.5909090638160706
0.4444444477558136
0.4166666567325592
0.6071428656578064
0.6071428656578064
0.6086956262588501
0.6164383292198181
0.6470588445663452
0.5263158082962036
0.774193525314331
0.6000000238418579
0.5714285969734192
0.5833333134651184
0.7941176295280457
0.5
0.5932203531265259
0.7555555701255798
0.5575221180915833
0.8103448152542114
0.6415094137191772
0.762499988079071
0.6377952694892883
0.7326732873916626
0.6780821681022644
0.625
0.7966101765632629
0.782608687877655
0.46666666865348816
0.6379310488700867
0.7971014380455017
0.7441860437393188
0.6015037298202515
0.682692289352417
0.642201840877533
0.7313432693481445
0.7200000286102295
0.6200000047683716
0.5625
0.574999988079071
0.78125
0.6000000238418579
0.7083333134651184
0.7313432693481445
0.6521739363670349
0.6666666865348816
0.5652173757553101
0.699999988079071
0.5333333611488342
0.5555555820465088
0.90625
0.7551020383834839
0.5882353186607361
0.7857142686843872
0.5686274766921997
0.574999988079071
0.7042253613471985
0.8260869383811951
0.6315789222717285
0.6296296119689941
0.5333333611488342
0.6511628031730652
0.800000011920929
0.695652186870575
0.7333333492279053
0.7857142686843872
0.5555555820465088
0.6818181872367859
0.6153846383094788
0.6388888955116272
0.7972972989082336
0.5384615659713745
0.7708333134651184
0.7555555701255798
0.7735849022865295
0.6521739363670349
0.5833333134651184
0.7733333110809326
0.6470588445663452
0.625
0.75
0.675000011920929
0.625
0.7818182110786438
0.6756756901741028
0.4117647111415863
0.7631579041481018
0.8214285969734192
0.43478259444236755
0.8571428656578064
0.6875
0.8947368264198303
0.5789473652839661
0.7586206793785095
0.625
0.9090909361839294
0.8823529481887817
0.8275862336158752
0.6666666865348816
0.7894737124443054
0.7037037014961243
0.4193548262119293
0.5161290168762207
0.6779661178588867
0.7727272510528564
0.5909090638160706
0.5909090638160706
0.800000011920929
0.6578947305679321
0.7878788113594055
0.6363636255264282
0.7804877758026123
0.760869562625885
0.7611940503120422
0.6000000238418579
0.7200000286102295
0.8148148059844971
0.6428571343421936
0.6875
0.59375
0.6399999856948853
0.5135135054588318
0.6875
0.6666666865348816
0.7105262875556946
0.5555555820465088
0.7352941036224365
0.7558139562606812
0.7419354915618896
0.5609756112098694
0.7222222089767456
0.5714285969734192
0.7441860437393188
0.6304348111152649
0.7674418687820435
0.8035714030265808
0.4878048896789551
0.5223880410194397
0.6739130616188049
0.7307692170143127
0.6666666865348816
0.7428571581840515
0.52173912525177
0.75
0.7027027010917664
0.8235294222831726
0.6842105388641357
0.5740740895271301
0.800000011920929
0.7411764860153198
0.5735294222831726
0.7407407164573669
0.5833333134651184
0.6875
0.5
0.4848484992980957
0.6857143044471741
0.6867470145225525
0.5833333134651184
0.75
0.6774193644523621
0.8333333134651184
0.5789473652839661
0.4000000059604645
0.6818181872367859
0.6818181872367859
0.8695651888847351
0.7200000286102295
0.692307710647583
0.7692307829856873
0.8275862336158752
0.5675675868988037
0.5
0.4736842215061188
0.6666666865348816
0.8837209343910217
0.5094339847564697
0.800000011920929
0.7714285850524902
0.6991869807243347
0.511904776096344
0.78125
0.5526315569877625
0.6534653306007385
0.6454545259475708
0.7464788556098938
0.523809552192688
0.4444444477558136
0.7272727489471436
0.5094339847564697
0.6197183132171631
0.6265060305595398
0.6486486196517944
0.6052631735801697
0.6610169410705566
0.6800000071525574
0.7454545497894287
0.6578947305679321
0.5952380895614624
0.675000011920929
0.625
0.6153846383094788
0.8148148059844971
0.4736842215061188
0.6976743936538696
0.699999988079071
0.739130437374115
0.4615384638309479
0.5384615659713745
0.5882353186607361
0.7567567825317383
0.7368420958518982
0.7749999761581421
0.695652186870575
0.43478259444236755
0.6428571343421936
0.75
0.695652186870575
0.7083333134651184
0.604651153087616
0.6000000238418579
0.5789473652839661
0.6666666865348816
0.8235294222831726
0.3333333432674408
0.2631579041481018
0.5588235259056091
0.508474588394165
0.5806451439857483
0.625
0.3870967626571655
0.5802469253540039
0.7096773982048035
0.5454545617103577
0.5769230723381042
0.4313725531101227
0.6666666865348816
0.5520833134651184
0.6274510025978088
0.5142857432365417
0.34567901492118835
0.6666666865348816
0.4375
0.5185185074806213
0.1538461595773697
0.3636363744735718
0.6296296119689941
0.5510203838348389
0.5903614163398743
0.29032257199287415
0.7222222089767456
0.4838709533214569
0.6708860993385315
0.5185185074806213
0.644444465637207
0.6202531456947327
0.707317054271698
0.47826087474823
0.5454545617103577
0.6756756901741028
0.4285714328289032
0.41025641560554504
0.5
0.5909090638160706
0.6000000238418579
0.625
0.550000011920929
0.6470588445663452
0.5625
0.5972222089767456
0.5
0.5901639461517334
0.5777778029441833
0.4000000059604645
0.5
0.5161290168762207
0.5454545617103577
0.625
0.5199999809265137
0.48148149251937866
0.6000000238418579
0.5176470875740051
0.6285714507102966
0.6428571343421936
0.4754098355770111
0.6571428775787354
0.5555555820465088
0.4523809552192688
0.625
0.6111111044883728
0.6153846383094788
0.5
0.75
0.625
0.6170212626457214
0.6499999761581421
0.3888888955116272
0.5483871102333069
0.6363636255264282
0.7666666507720947
0.7419354915618896
0.47058823704719543
0.75
0.5588235259056091
0.5789473652839661
0.3636363744735718
0.5555555820465088
0.7368420958518982
0.6499999761581421
0.5833333134651184
0.6571428775787354
0.6271186470985413
0.7272727489471436
0.6363636255264282
0.4693877696990967
0.6111111044883728
0.6610169410705566
0.4000000059604645
0.6666666865348816
0.5555555820465088
0.38461539149284363
0.692307710647583
0.6206896305084229
0.6666666865348816
0.65625
0.523809552192688
0.6346153616905212
0.6470588445663452
0.6315789222717285
0.46666666865348816
0.7916666865348816
0.5652173757553101
0.7653061151504517
0.6818181872367859
0.6052631735801697
0.5918367505073547
0.692307710647583
0.6744186282157898
0.5
0.6279069781303406
0.6938775777816772
0.625
0.6538461446762085
0.5111111402511597
0.686274528503418
0.804347813129425
0.692307710647583
0.7333333492279053
0.6571428775787354
0.4897959232330322
0.4912280738353729
0.5652173757553101
0.717391312122345
0.6470588445663452
0.6666666865348816
0.6382978558540344
0.5510203838348389
0.5882353186607361
0.75
0.47999998927116394
0.6346153616905212
0.7115384340286255
0.5789473652839661
0.7111111283302307
0.5869565010070801
0.6666666865348816
0.75
0.644444465637207
0.795918345451355
0.5625
0.5769230723381042
0.7311828136444092
0.7419354915618896
0.804347813129425
0.8382353186607361
0.7916666865348816
0.8500000238418579
0.8299999833106995
0.7551020383834839
0.7476635575294495
0.7043478488922119
0.6172839403152466
0.6545454263687134
0.77173912525177
0.6170212626457214
0.7093023061752319
0.49056604504585266
0.6761904954910278
0.5535714030265808
0.7525773048400879
0.8041236996650696
0.6700000166893005
0.7540983557701111
0.5409836173057556
0.5978260636329651
0.6212121248245239
0.7976190447807312
0.5797101259231567
0.41791045665740967
0.4137931168079376
0.5
0.6875
0.5802469253540039
0.6161616444587708
0.641791045665741
0.6875
0.8243243098258972
0.6428571343421936
0.7027027010917664
0.5882353186607361
0.4444444477558136
0.7876105904579163
0.4354838728904724
0.7142857313156128
0.7200000286102295
0.7021276354789734
0.75
0.8235294222831726
0.8571428656578064
0.7222222089767456
0.8095238208770752
0.6571428775787354
0.75
0.7123287916183472
0.59375
0.7567567825317383
0.8656716346740723
0.7719298005104065
0.7647058963775635
0.5517241358757019
0.5833333134651184
0.6944444179534912
0.3125
0.6296296119689941
0.8888888955116272
0.7142857313156128
0.38461539149284363
0.75
0.7777777910232544
0.5263158082962036
0.7058823704719543
0.8658536672592163
0.75
0.6818181872367859
0.5625
0.5384615659713745
0.7714285850524902
0.7142857313156128
0.692307710647583
0.6000000238418579
0.5384615659713745
0.3888888955116272
0.5666666626930237
0.5600000023841858
0.7894737124443054
0.5
0.6499999761581421
0.6600000262260437
0.739130437374115
0.734375
0.6734693646430969
0.6774193644523621
0.6666666865348816
0.7894737124443054
0.5853658318519592
0.529411792755127
0.7580645084381104
0.8571428656578064
0.800000011920929
0.6399999856948853
0.6341463327407837
0.6341463327407837
0.7241379022598267
0.6136363744735718
0.6875
0.8500000238418579
0.625
0.7631579041481018
0.7222222089767456
0.738095223903656
0.6000000238418579
0.625
0.4736842215061188
0.8333333134651184
0.6833333373069763
0.5384615659713745
0.7037037014961243
0.800000011920929
0.6666666865348816
0.725806474685669
0.4821428656578064
0.5945945978164673
0.6153846383094788
0.6896551847457886
0.65625
0.5806451439857483
0.643478274345398
0.6461538672447205
0.7090908885002136
0.4897959232330322
0.5185185074806213
0.5714285969734192
0.6499999761581421
0.6000000238418579
0.46666666865348816
0.644444465637207
0.4545454680919647
0.4736842215061188
0.6399999856948853
0.7285714149475098
0.6557376980781555
0.5249999761581421
0.6829268336296082
0.6521739363670349
0.5666666626930237
0.6355932354927063
0.4444444477558136
0.6222222447395325
0.5555555820465088
0.560606062412262
0.8333333134651184
0.3863636255264282
0.39393940567970276
0.6774193644523621
0.6410256624221802
0.8125
0.550000011920929
0.44999998807907104
0.5
0.5
0.7397260069847107
0.6716417670249939
0.6239316463470459
0.6463414430618286
0.7301587462425232
0.6111111044883728
0.6865671873092651
0.6805555820465088
0.6428571343421936
0.5
0.5471698045730591
0.6219512224197388
0.6315789222717285
0.4680851101875305
0.515625
0.6666666865348816
0.5535714030265808
0.8148148059844971
0.6557376980781555
0.7962962985038757
0.6111111044883728
0.774193525314331
0.703125
0.9130434989929199
0.5625
0.8461538553237915
0.8260869383811951
0.7333333492279053
0.7368420958518982
0.5555555820465088
0.6111111044883728
0.5909090638160706
0.6829268336296082
0.7200000286102295
0.7755101919174194
0.6792452931404114
0.5652173757553101
0.7272727489471436
0.75
0.6842105388641357
0.6363636255264282
0.7058823704719543
0.8571428656578064
0.7352941036224365
0.8235294222831726
0.6875
0.8658536672592163
0.8333333134651184
0.9052631855010986
0.774193525314331
0.6666666865348816
0.8421052694320679
0.8387096524238586
0.75
0.7368420958518982
0.8260869383811951
0.5
0.8780487775802612
0.5151515007019043
0.6521739363670349
0.7105262875556946
0.5
0.6603773832321167
0.6296296119689941
0.9365079402923584
0.7272727489471436
0.5
0.6756756901741028
0.6785714030265808
0.774193525314331
0.8734177350997925
0.5211267471313477
0.8536585569381714
0.8125
0.7480915784835815
0.7540983557701111
0.6078431606292725
0.8372092843055725
0.9019607901573181
0.7777777910232544
0.738095223903656
0.800000011920929
0.8641975522041321
0.782608687877655
0.859649121761322
0.8095238208770752
0.875
0.8999999761581421
0.7857142686843872
0.5666666626930237
0.6666666865348816
0.8125
0.5476190447807312
0.5555555820465088
0.5333333611488342
0.7307692170143127
0.7352941036224365
0.6499999761581421
0.7435897588729858
0.75
0.699999988079071
0.5
0.8701298832893372
0.5490196347236633
0.692307710647583
0.625
0.65625
0.7714285850524902
0.5263158082962036
0.529411792755127
0.800000011920929
0.6666666865348816
0.8048780560493469
0.4399999976158142
0.7272727489471436
0.6666666865348816
0.7272727489471436
0.7200000286102295
0.7857142686843872
0.5714285969734192
0.8260869383811951
0.6666666865348816
0.4117647111415863
0.7666666507720947
0.5
0.4838709533214569
0.7777777910232544
0.5666666626930237
0.739130437374115
0.523809552192688
0.6595744490623474
0.6666666865348816
0.6557376980781555
0.75
0.47999998927116394
0.707317054271698
0.807692289352417
0.6666666865348816
0.7749999761581421
0.75
0.7083333134651184
0.7105262875556946
0.5714285969734192
0.6315789222717285
0.4000000059604645
0.7179487347602844
0.828125
0.75
0.5517241358757019
0.6470588445663452
0.8648648858070374
0.7714285850524902
0.7272727489471436
0.6875
0.7142857313156128
0.9032257795333862
0.7179487347602844
0.5
0.6336633563041687
0.6764705777168274
0.5600000023841858
0.7037037014961243
0.8709677457809448
0.6603773832321167
0.6190476417541504
0.6190476417541504
0.6551724076271057
0.6000000238418579
0.8947368264198303
0.4333333373069763
0.7222222089767456
0.46666666865348816
0.4615384638309479
0.6060606241226196
0.6315789222717285
0.699999988079071
0.3448275923728943
0.3076923191547394
0.7058823704719543
0.3499999940395355
0.800000011920929
0.3571428656578064
0.5769230723381042
0.5090909004211426
0.5185185074806213
0.5142857432365417
0.4545454680919647
0.32258063554763794
0.523809552192688
0.5945945978164673
0.5636363625526428
0.641791045665741
0.48571428656578064
0.42424243688583374
0.5
0.4285714328289032
0.529411792755127
0.3333333432674408
0.6111111044883728
0.5909090638160706
0.5
0.5
0.4000000059604645
0.6129032373428345
0.4000000059604645
0.604651153087616
0.5740740895271301
0.5757575631141663
0.5531914830207825
0.7209302186965942
0.5384615659713745
0.4399999976158142
0.47058823704719543
0.4864864945411682
0.6000000238418579
0.3181818127632141
0.5384615659713745
0.5473684072494507
0.45652174949645996
0.6666666865348816
0.48275861144065857
0.42307692766189575
0.5135135054588318
0.2800000011920929
0.7096773982048035
0.5
0.5555555820465088
0.529411792755127
0.4285714328289032
0.3291139304637909
0.6060606241226196
0.6363636255264282
0.48148149251937866
0.5151515007019043
0.6499999761581421
0.4736842215061188
0.3684210479259491
0.6176470518112183
0.4444444477558136
0.5
0.4761904776096344
0.5517241358757019
0.6385542154312134
0.7076923251152039
0.6603773832321167
0.517241358757019
0.6739130616188049
0.5
0.5476190447807312
0.6770833134651184
0.5483871102333069
0.4444444477558136
0.5208333134651184
0.5897436141967773
0.4871794879436493
0.3199999928474426
0.5
0.5961538553237915
0.75
0.6857143044471741
0.5
0.453125
0.5573770403862
0.4848484992980957
0.5517241358757019
0.4693877696990967
0.5
0.7333333492279053
0.5476190447807312
0.7666666507720947
0.30434781312942505
0.6551724076271057
0.5645161271095276
0.8548387289047241
0.5365853905677795
0.529411792755127
0.3913043439388275
0.692307710647583
0.4444444477558136
0.6829268336296082
0.7727272510528564
0.5714285969734192
0.4107142984867096
0.4166666567325592
0.447761207818985
0.7428571581840515
0.6515151262283325
0.4000000059604645
0.625
0.3076923191547394
0.6236559152603149
0.6363636255264282
0.7666666507720947
0.5609756112098694
0.46666666865348816
0.8780487775802612
0.3333333432674408
0.5625
0.484375
0.5961538553237915
0.728723406791687
0.739130437374115
0.7822580933570862
0.7247706651687622
0.7297297120094299
0.7777777910232544
0.6911764740943909
0.7037037014961243
0.5925925970077515
0.5660377144813538
0.8214285969734192
0.7142857313156128
0.5731707215309143
0.6470588445663452
