0.625
0.8444444537162781
0.4166666567325592
0.7142857313156128
0.800000011920929
0.7250000238418579
0.7352941036224365
0.6097561120986938
0.7627118825912476
0.707317054271698
0.7692307829856873
0.7428571581840515
0.8947368264198303
0.8108108043670654
0.6000000238418579
0.800000011920929
0.8260869383811951
0.738095223903656
0.7241379022598267
0.7407407164573669
0.7777777910232544
0.7777777910232544
0.6399999856948853
0.5483871102333069
0.9210526347160339
0.7916666865348816
0.699999988079071
0.375
0.75
0.5789473652839661
0.8163265585899353
0.5714285969734192
0.9117646813392639
0.8125
0.6499999761581421
0.75
0.7272727489471436
0.7954545617103577
0.8157894611358643
0.8372092843055725
0.8421052694320679
0.6818181872367859
0.6000000238418579
0.8333333134651184
0.739130437374115
0.7857142686843872
0.7200000286102295
0.52173912525177
0.75
0.5757575631141663
0.782608687877655
0.800000011920929
0.7291666865348816
0.8478260636329651
0.8260869383811951
0.6470588445663452
0.5483871102333069
0.7142857313156128
0.8571428656578064
0.7599999904632568
0.6666666865348816
0.8301886916160583
0.6399999856948853
0.75
0.7543859481811523
0.8333333134651184
0.7714285850524902
0.8769230842590332
0.529411792755127
0.6265060305595398
0.6315789222717285
0.6551724076271057
0.4615384638309479
0.5327102541923523
0.7234042286872864
0.59375
0.6603773832321167
0.6538461446762085
0.7058823704719543
0.5
0.6969696879386902
0.7368420958518982
0.6538461446762085
0.5882353186607361
0.8500000238418579
0.7714285850524902
0.739130437374115
0.71875
0.7567567825317383
0.529411792755127
0.800000011920929
0.6571428775787354
0.6000000238418579
0.6842105388641357
0.625
0.6603773832321167
0.782608687877655
0.6206896305084229
0.5142857432365417
0.8846153616905212
0.875
0.699999988079071
0.6000000238418579
0.7948718070983887
0.5882353186607361
0.699999988079071
0.517241358757019
0.6153846383094788
0.5
0.7407407164573669
0.3333333432674408
0.7941176295280457
0.8723404407501221
0.8777777552604675
0.8627451062202454
0.7777777910232544
0.6341463327407837
0.8231292366981506
0.8139534592628479
0.7441860437393188
0.8536585569381714
0.8468468189239502
0.7551020383834839
0.8500000238418579
0.7230769395828247
0.7067669034004211
0.875
0.6666666865348816
0.8421052694320679
0.5652173757553101
0.9473684430122375
0.6292135119438171
0.7586206793785095
0.8510638475418091
0.5333333611488342
0.8863636255264282
0.5740740895271301
0.8181818127632141
0.6086956262588501
0.692307710647583
0.47058823704719543
0.5
0.8888888955116272
0.5769230723381042
0.5428571701049805
0.800000011920929
0.3888888955116272
0.550000011920929
0.46666666865348816
0.7894737124443054
0.65625
0.8846153616905212
0.8133333325386047
0.5
0.8125
0.7727272510528564
0.5
0.7272727489471436
0.4444444477558136
0.6666666865348816
0.6785714030265808
0.75
0.782608687877655
0.7945205569267273
0.7647058963775635
0.5789473652839661
0.7419354915618896
0.699999988079071
0.6785714030265808
0.75
0.8235294222831726
0.6875
0.7627118825912476
0.644444465637207
0.7256637215614319
0.7931034564971924
0.5754716992378235
0.8500000238418579
0.748031497001648
0.7920792102813721
0.5205479264259338
0.8035714030265808
0.7966101765632629
0.782608687877655
0.5666666626930237
0.8448275923728943
0.8550724387168884
0.8023256063461304
0.6917293071746826
0.7596153616905212
0.7981651425361633
0.6268656849861145
0.6600000262260437
0.6600000262260437
0.703125
0.6499999761581421
0.84375
0.550000011920929
0.5416666865348816
0.7014925479888916
0.6304348111152649
0.6666666865348816
0.6086956262588501
0.7666666507720947
0.6000000238418579
0.5555555820465088
0.90625
0.7551020383834839
0.7647058963775635
0.6428571343421936
0.5882353186607361
0.75
0.6760563254356384
0.804347813129425
0.7105262875556946
0.5555555820465088
0.800000011920929
0.5581395626068115
0.6399999856948853
0.8695651888847351
0.2666666805744171
0.8571428656578064
0.7777777910232544
0.7727272510528564
0.6153846383094788
0.7916666865348816
0.7702702879905701
0.692307710647583
0.7708333134651184
0.8222222328186035
0.9056603908538818
0.6086956262588501
0.7916666865348816
0.8666666746139526
0.8235294222831726
0.875
0.5625
0.7749999761581421
0.6000000238418579
0.8727272748947144
0.7297297120094299
0.7352941036224365
0.8157894611358643
0.7857142686843872
0.6086956262588501
0.8775510191917419
0.6875
0.8947368264198303
0.6315789222717285
0.6206896305084229
0.6666666865348816
0.7727272510528564
0.5882353186607361
0.8275862336158752
0.7777777910232544
0.8421052694320679
0.6851851940155029
0.5161290168762207
0.6451612710952759
0.7457627058029175
0.75
0.6136363744735718
0.6363636255264282
0.800000011920929
0.8421052694320679
0.7575757503509521
0.6181818246841431
0.7804877758026123
0.804347813129425
0.8208954930305481
0.6000000238418579
0.7599999904632568
0.8518518805503845
0.7142857313156128
0.8125
0.5625
0.7599999904632568
0.7297297120094299
0.71875
0.3333333432674408
0.7105262875556946
0.6296296119689941
0.6911764740943909
0.6860465407371521
0.4838709533214569
0.46341463923454285
0.6666666865348816
0.6666666865348816
0.6279069781303406
0.6086956262588501
0.7906976938247681
0.6607142686843872
0.5609756112098694
0.7761194109916687
0.6521739363670349
0.6057692170143127
0.5789473652839661
0.7714285850524902
0.54347825050354
0.625
0.7297297120094299
0.7647058963775635
0.7368420958518982
0.7592592835426331
0.6571428775787354
0.6352941393852234
0.8382353186607361
0.7777777910232544
0.5833333134651184
0.6458333134651184
0.6111111044883728
0.7272727489471436
0.7142857313156128
0.7228915691375732
0.6666666865348816
0.875
0.6129032373428345
0.8666666746139526
0.3684210479259491
0.46666666865348816
0.7272727489471436
0.7727272510528564
0.717391312122345
0.6800000071525574
0.7179487347602844
0.7179487347602844
0.7586206793785095
0.8108108043670654
0.625
0.7368420958518982
0.75
0.8372092843055725
0.5471698045730591
0.7250000238418579
0.6285714507102966
0.7235772609710693
0.6547619104385376
0.5625
0.6842105388641357
0.7029703259468079
0.8454545736312866
0.8098591566085815
0.8095238208770752
0.5333333611488342
0.75
0.5849056839942932
0.5492957830429077
0.6867470145225525
0.662162184715271
0.6842105388641357
0.6864407062530518
0.7599999904632568
0.8909090757369995
0.7368420958518982
0.6190476417541504
0.7749999761581421
0.550000011920929
0.7692307829856873
0.7777777910232544
0.8947368264198303
0.7674418687820435
0.699999988079071
0.6521739363670349
0.7692307829856873
0.6153846383094788
0.5882353186607361
0.7837837934494019
0.7368420958518982
0.7749999761581421
0.6521739363670349
0.6086956262588501
0.8035714030265808
0.5625
0.52173912525177
0.7083333134651184
0.7441860437393188
0.550000011920929
0.6842105388641357
0.7777777910232544
0.7058823704719543
0.3333333432674408
0.3684210479259491
0.5882353186607361
0.5423728823661804
0.7096773982048035
0.4749999940395355
0.5806451439857483
0.5061728358268738
0.7419354915618896
0.6969696879386902
0.692307710647583
0.5490196347236633
0.6666666865348816
0.7291666865348816
0.7254902124404907
0.48571428656578064
0.5185185074806213
0.6666666865348816
0.78125
0.6296296119689941
0.4615384638309479
0.3636363744735718
0.5555555820465088
0.7551020383834839
0.6265060305595398
0.6129032373428345
0.7777777910232544
0.6451612710952759
0.6835442781448364
0.5555555820465088
0.7333333492279053
0.7215189933776855
0.5121951103210449
0.43478259444236755
0.40909090638160706
0.6486486196517944
0.5357142686843872
0.43589743971824646
0.6499999761581421
0.4545454680919647
0.800000011920929
0.5138888955116272
0.675000011920929
0.7647058963775635
0.625
0.6388888955116272
0.5714285969734192
0.44262295961380005
0.6222222447395325
0.46666666865348816
0.5476190447807312
0.6774193644523621
0.5757575631141663
0.59375
0.5199999809265137
0.5185185074806213
0.6571428775787354
0.6117647290229797
0.6285714507102966
0.7142857313156128
0.7377049326896667
0.6857143044471741
0.5555555820465088
0.5555555820465088
0.5833333134651184
0.6666666865348816
0.7435897588729858
0.5714285969734192
0.75
0.7250000238418579
0.6170212626457214
0.699999988079071
0.5555555820465088
0.35483869910240173
0.8181818127632141
0.699999988079071
0.8064516186714172
0.8235294222831726
0.6666666865348816
0.6617646813392639
0.5789473652839661
0.3636363744735718
0.3333333432674408
0.5526315569877625
0.7400000095367432
0.7777777910232544
0.7142857313156128
0.7542372941970825
0.6666666865348816
0.8181818127632141
0.8163265585899353
0.5555555820465088
0.7457627058029175
0.4000000059604645
0.7083333134651184
0.5555555820465088
0.4615384638309479
0.7692307829856873
0.7068965435028076
0.6166666746139526
0.5
0.761904776096344
0.7115384340286255
0.8529411554336548
0.7368420958518982
0.5
0.8194444179534912
0.6086956262588501
0.795918345451355
0.5909090638160706
0.6842105388641357
0.6734693646430969
0.6730769276618958
0.7674418687820435
0.6296296119689941
0.6279069781303406
0.6938775777816772
0.8125
0.6730769276618958
0.5333333611488342
0.8039215803146362
0.717391312122345
0.692307710647583
0.800000011920929
0.7428571581840515
0.5918367505073547
0.7368420958518982
0.717391312122345
0.782608687877655
0.8039215803146362
0.686274528503418
0.7659574747085571
0.6734693646430969
0.6078431606292725
0.6785714030265808
0.7799999713897705
0.7115384340286255
0.7692307829856873
0.5263158082962036
0.5555555820465088
0.717391312122345
0.6470588445663452
0.8333333134651184
0.7333333492279053
0.795918345451355
0.75
0.6730769276618958
0.7204301357269287
0.7419354915618896
0.8260869383811951
0.9117646813392639
0.6333333253860474
0.800000011920929
0.8700000047683716
0.795918345451355
0.7757009267807007
0.8695651888847351
0.7654321193695068
0.8727272748947144
0.739130437374115
0.7978723645210266
0.8023256063461304
0.6603773832321167
0.8761904835700989
0.7142857313156128
0.7835051417350769
0.8969072103500366
0.7699999809265137
0.7868852615356445
0.49180328845977783
0.5978260636329651
0.6969696879386902
0.7976190447807312
0.7681159377098083
0.6567164063453674
0.8275862336158752
0.6333333253860474
0.59375
0.7530864477157593
0.7373737096786499
0.8208954930305481
0.7291666865348816
0.8513513803482056
0.738095223903656
0.7117117047309875
0.8039215803146362
0.5925925970077515
0.8672566413879395
0.6935483813285828
0.7857142686843872
0.9200000166893005
0.8936170339584351
0.7857142686843872
0.8823529481887817
0.8095238208770752
0.6666666865348816
0.8095238208770752
0.6285714507102966
0.699999988079071
0.767123281955719
0.8125
0.7567567825317383
0.8805969953536987
0.7017543911933899
0.8823529481887817
0.6379310488700867
0.5833333134651184
0.5
0.3125
0.8024691343307495
0.8148148059844971
0.6666666865348816
0.23076923191547394
0.8125
0.8148148059844971
0.6315789222717285
0.7647058963775635
0.8414633870124817
0.75
0.7727272510528564
0.6875
0.5384615659713745
0.8571428656578064
0.5714285969734192
0.5769230723381042
0.699999988079071
0.5384615659713745
0.3888888955116272
0.6666666865348816
0.5600000023841858
0.8947368264198303
0.5714285969734192
0.699999988079071
0.8199999928474426
0.8260869383811951
0.75
0.8367347121238708
0.7096773982048035
0.7222222089767456
0.7894737124443054
0.7317073345184326
0.7058823704719543
0.8548387289047241
0.8571428656578064
0.6666666865348816
0.8199999928474426
0.9024389982223511
0.7804877758026123
0.8793103694915771
0.75
0.71875
0.824999988079071
0.75
0.8157894611358643
0.8333333134651184
0.6904761791229248
0.6000000238418579
0.875
0.6842105388641357
0.75
0.8666666746139526
0.6153846383094788
0.7407407164573669
0.8307692408561707
0.7222222089767456
0.6612903475761414
0.7142857313156128
0.7837837934494019
0.7435897588729858
0.7356321811676025
0.625
0.7903226017951965
0.6173912882804871
0.892307698726654
0.5454545617103577
0.5510203838348389
0.48148149251937866
0.5
0.6000000238418579
0.6571428775787354
0.4000000059604645
0.6777777671813965
0.7045454382896423
0.44736841320991516
0.5199999809265137
0.800000011920929
0.7377049326896667
0.699999988079071
0.6341463327407837
0.5869565010070801
0.7333333492279053
0.6186440587043762
0.5
0.5555555820465088
0.6296296119689941
0.6818181872367859
0.7222222089767456
0.47727271914482117
0.5151515007019043
0.7096773982048035
0.5641025900840759
0.78125
0.6499999761581421
0.5
0.7200000286102295
0.5192307829856873
0.7945205569267273
0.5522388219833374
0.7350427508354187
0.5853658318519592
0.7460317611694336
0.5555555820465088
0.7910447716712952
0.75
0.6428571343421936
0.699999988079071
0.7547169923782349
0.5853658318519592
0.6315789222717285
0.5957446694374084
0.609375
0.5925925970077515
0.7321428656578064
0.7592592835426331
0.868852436542511
0.8333333134651184
0.75
0.9032257795333862
0.84375
0.8260869383811951
0.59375
0.8461538553237915
0.8695651888847351
0.5333333611488342
0.7894737124443054
0.6666666865348816
0.5
0.7272727489471436
0.8048780560493469
0.8600000143051147
0.7755101919174194
0.7169811129570007
0.8260869383811951
0.7727272510528564
0.875
0.7368420958518982
0.6590909361839294
0.6470588445663452
0.761904776096344
0.7941176295280457
0.9411764740943909
0.6875
0.9390243887901306
0.8333333134651184
0.8947368264198303
0.7419354915618896
0.8095238208770752
0.7368420958518982
0.8709677457809448
0.7749999761581421
0.7368420958518982
0.8260869383811951
0.800000011920929
0.9024389982223511
0.5757575631141663
0.695652186870575
0.75
0.5714285969734192
0.9056603908538818
0.7037037014961243
0.9682539701461792
0.6666666865348816
0.7272727489471436
0.837837815284729
0.6428571343421936
0.8387096524238586
0.8354430198669434
0.7464788556098938
0.8536585569381714
0.65625
0.6259542107582092
0.8032786846160889
0.686274528503418
0.9069767594337463
0.9215686321258545
0.7962962985038757
0.8571428656578064
0.800000011920929
0.6666666865348816
0.739130437374115
0.8245614171028137
0.6666666865348816
0.875
0.8999999761581421
0.5
0.699999988079071
0.8666666746139526
0.59375
0.6666666865348816
0.6111111044883728
0.7333333492279053
0.7307692170143127
0.6764705777168274
0.6499999761581421
0.7948718070983887
0.6071428656578064
0.8500000238418579
0.5882353186607361
0.6753246784210205
0.529411792755127
0.75
0.8125
0.71875
0.8857142925262451
0.4736842215061188
0.5882353186607361
0.8615384697914124
0.6078431606292725
0.7804877758026123
0.5600000023841858
0.7090908885002136
0.5833333134651184
0.8181818127632141
0.7599999904632568
0.8571428656578064
0.7142857313156128
0.6521739363670349
0.6666666865348816
0.529411792755127
0.7666666507720947
0.78125
0.6129032373428345
0.8518518805503845
0.6833333373069763
0.8260869383811951
0.4761904776096344
0.6808510422706604
0.7333333492279053
0.6229507923126221
0.8833333253860474
0.6000000238418579
0.8780487775802612
0.9230769276618958
0.8055555820465088
0.800000011920929
0.75
0.6666666865348816
0.6842105388641357
0.6190476417541504
0.6842105388641357
0.6666666865348816
0.8205128312110901
0.75
0.7857142686843872
0.7241379022598267
0.6470588445663452
0.7567567825317383
0.800000011920929
0.5454545617103577
0.7291666865348816
0.6571428775787354
0.8709677457809448
0.692307710647583
0.75
0.6930692791938782
0.7941176295280457
0.6399999856948853
0.7592592835426331
0.8387096524238586
0.8679245114326477
0.7936508059501648
0.8571428656578064
0.6551724076271057
0.800000011920929
0.8947368264198303
0.6000000238418579
0.5555555820465088
0.6666666865348816
0.4615384638309479
0.6969696879386902
0.31578946113586426
0.7333333492279053
0.37931033968925476
0.3076923191547394
0.7352941036224365
0.625
0.800000011920929
0.4285714328289032
0.692307710647583
0.5272727012634277
0.6296296119689941
0.7142857313156128
0.3181818127632141
0.4516128897666931
0.5714285969734192
0.5135135054588318
0.7272727489471436
0.5820895433425903
0.5714285969734192
0.39393940567970276
0.5714285969734192
0.6285714507102966
0.6470588445663452
0.6111111044883728
0.7222222089767456
0.6818181872367859
0.6666666865348816
0.5208333134651184
0.6499999761581421
0.5161290168762207
0.4000000059604645
0.7906976938247681
0.46296295523643494
0.42424243688583374
0.5106382966041565
0.6162790656089783
0.6153846383094788
0.6000000238418579
0.4117647111415863
0.5945945978164673
0.574999988079071
0.40909090638160706
0.692307710647583
0.5473684072494507
0.6304348111152649
0.5833333134651184
0.517241358757019
0.6153846383094788
0.5675675868988037
0.4399999976158142
0.7096773982048035
0.54347825050354
0.6666666865348816
0.4117647111415863
0.6190476417541504
0.4810126721858978
0.7575757503509521
0.6969696879386902
0.48148149251937866
0.5151515007019043
0.6000000238418579
0.5789473652839661
0.44736841320991516
0.6176470518112183
0.4444444477558136
0.625
0.5714285969734192
0.48275861144065857
0.5903614163398743
0.7076923251152039
0.6037735939025879
0.4655172526836395
0.5869565010070801
0.5
0.5714285969734192
0.75
0.6774193644523621
0.5777778029441833
0.6041666865348816
0.7179487347602844
0.5256410241127014
0.2800000011920929
0.75
0.7115384340286255
0.699999988079071
0.7142857313156128
0.5
0.59375
0.688524603843689
0.7575757503509521
0.5862069129943848
0.6938775777816772
0.6666666865348816
0.6000000238418579
0.5952380895614624
0.6666666865348816
0.43478259444236755
0.5517241358757019
0.6451612710952759
0.774193525314331
0.6097561120986938
0.6470588445663452
0.6086956262588501
0.7076923251152039
0.4444444477558136
0.6585366129875183
0.8636363744735718
0.5142857432365417
0.5178571343421936
0.5416666865348816
0.6716417670249939
0.6857143044471741
0.6212121248245239
0.30000001192092896
0.4749999940395355
0.3076923191547394
0.6344085931777954
0.4545454680919647
0.6666666865348816
0.6585366129875183
0.8333333134651184
0.6585366129875183
0.4117647111415863
0.75
0.609375
0.6538461446762085
0.7765957713127136
0.6811594367027283
0.9112903475761414
0.6146789193153381
0.5945945978164673
0.8095238208770752
0.7352941036224365
0.6296296119689941
0.8148148059844971
0.4716981053352356
0.5357142686843872
0.8035714030265808
0.7682926654815674
0.529411792755127
