0.5833333134651184
0.9111111164093018
0.5555555820465088
0.761904776096344
0.800000011920929
0.699999988079071
0.7941176295280457
0.8536585569381714
0.8305084705352783
0.7560975551605225
0.8205128312110901
0.6857143044471741
0.8421052694320679
0.837837815284729
0.6666666865348816
0.7599999904632568
0.8260869383811951
0.9047619104385376
0.7241379022598267
0.7777777910232544
0.8055555820465088
0.7777777910232544
0.8799999952316284
0.774193525314331
0.9473684430122375
0.8333333134651184
0.75
0.65625
0.7916666865348816
0.7894737124443054
0.9387755393981934
0.6666666865348816
0.9117646813392639
0.6875
0.6499999761581421
0.8125
0.6818181872367859
0.8409090638160706
0.8421052694320679
0.7674418687820435
0.7894737124443054
0.7727272510528564
0.800000011920929
0.8333333134651184
0.782608687877655
0.7857142686843872
0.6399999856948853
0.782608687877655
0.8333333134651184
0.6363636255264282
0.782608687877655
0.8666666746139526
0.75
0.8478260636329651
0.782608687877655
0.7352941036224365
0.4838709533214569
0.7678571343421936
0.9047619104385376
0.8399999737739563
0.8484848737716675
0.8867924809455872
0.800000011920929
0.9285714030265808
0.7719298005104065
0.8888888955116272
0.7428571581840515
0.7846153974533081
0.5882353186607361
0.7228915691375732
0.42105263471603394
0.8275862336158752
0.7692307829856873
0.7663551568984985
0.8085106611251831
0.78125
0.8301886916160583
0.8461538553237915
0.529411792755127
0.625
0.7575757503509521
0.6052631735801697
0.807692289352417
0.7647058963775635
0.8999999761581421
0.8571428656578064
0.5652173757553101
0.65625
0.9189189076423645
0.6176470518112183
0.5199999809265137
0.9142857193946838
0.7200000286102295
0.8421052694320679
0.75
0.7735849022865295
0.8695651888847351
0.7068965435028076
0.6857143044471741
0.6538461446762085
0.875
0.699999988079071
0.6399999856948853
0.8205128312110901
0.6470588445663452
0.8500000238418579
0.5517241358757019
0.6153846383094788
0.6666666865348816
0.7777777910232544
0.4166666567325592
0.7647058963775635
0.8936170339584351
0.9111111164093018
0.8039215803146362
0.7555555701255798
0.7560975551605225
0.918367326259613
0.7906976938247681
0.7441860437393188
0.8292682766914368
0.8828828930854797
0.795918345451355
0.8666666746139526
0.8769230842590332
0.8947368264198303
0.8958333134651184
0.7222222089767456
0.8947368264198303
0.739130437374115
0.9473684430122375
0.6629213690757751
0.8620689511299133
0.914893627166748
0.5333333611488342
0.8409090638160706
0.6851851940155029
0.8636363744735718
0.782608687877655
0.7692307829856873
0.7058823704719543
0.7083333134651184
0.8888888955116272
0.7307692170143127
0.5714285969734192
0.7599999904632568
0.6666666865348816
0.6499999761581421
0.6000000238418579
0.8157894611358643
0.625
0.807692289352417
0.9200000166893005
0.7272727489471436
0.875
0.6818181872367859
0.6499999761581421
0.7272727489471436
0.4444444477558136
0.75
0.75
0.7142857313156128
0.739130437374115
0.7397260069847107
0.8823529481887817
0.7368420958518982
0.774193525314331
0.800000011920929
0.75
0.7222222089767456
0.6470588445663452
0.625
0.7288135886192322
0.800000011920929
0.8053097128868103
0.7241379022598267
0.6886792182922363
0.824999988079071
0.787401556968689
0.8316831588745117
0.6849315166473389
0.8392857313156128
0.7796609997749329
0.8985507488250732
0.4333333373069763
0.8965517282485962
0.8115941882133484
0.8023256063461304
0.6390977501869202
0.7307692170143127
0.853210985660553
0.6716417670249939
0.7799999713897705
0.6800000071525574
0.765625
0.7749999761581421
0.8229166865348816
0.6000000238418579
0.8333333134651184
0.7164179086685181
0.695652186870575
0.7666666507720947
0.6811594367027283
0.7666666507720947
0.6333333253860474
0.5555555820465088
0.90625
0.8367347121238708
0.7058823704719543
0.6785714030265808
0.9019607901573181
0.800000011920929
0.7464788556098938
0.760869562625885
0.6842105388641357
0.7777777910232544
0.6666666865348816
0.6976743936538696
0.8399999737739563
0.9130434989929199
0.8666666746139526
0.8214285969734192
0.7407407164573669
0.7727272510528564
0.692307710647583
0.8194444179534912
0.7297297120094299
0.6538461446762085
0.8125
0.8666666746139526
0.7358490824699402
0.782608687877655
0.7916666865348816
0.8533333539962769
0.7058823704719543
0.8125
0.84375
0.8500000238418579
0.7749999761581421
0.8909090757369995
0.7567567825317383
0.7352941036224365
0.6315789222717285
0.7857142686843872
0.695652186870575
0.8163265585899353
0.8125
0.8947368264198303
0.5789473652839661
0.7241379022598267
0.75
0.9090909361839294
0.7647058963775635
0.9137930870056152
0.8333333134651184
0.7894737124443054
0.7037037014961243
0.5483871102333069
0.6129032373428345
0.8474576473236084
0.8181818127632141
0.7954545617103577
0.6363636255264282
0.8999999761581421
0.8157894611358643
0.8787878751754761
0.7454545497894287
0.7804877758026123
0.760869562625885
0.7611940503120422
0.7333333492279053
0.7599999904632568
0.8148148059844971
0.6428571343421936
0.71875
0.65625
0.800000011920929
0.7027027010917664
0.71875
0.6111111044883728
0.7631579041481018
0.7407407164573669
0.8088235259056091
0.8488371968269348
0.8709677457809448
0.5365853905677795
0.6944444179534912
0.6428571343421936
0.6976743936538696
0.760869562625885
0.8604651093482971
0.875
0.7317073345184326
0.6567164063453674
0.739130437374115
0.8365384340286255
0.7719298005104065
0.8285714387893677
0.6304348111152649
0.75
0.8243243098258972
0.8235294222831726
0.8421052694320679
0.9074074029922485
0.800000011920929
0.7647058963775635
0.8676470518112183
0.7777777910232544
0.6666666865348816
0.6875
0.6111111044883728
0.6363636255264282
0.6857143044471741
0.7710843086242676
0.6666666865348816
0.875
0.6774193644523621
0.8333333134651184
0.42105263471603394
0.6000000238418579
0.8181818127632141
0.8636363744735718
0.782608687877655
0.8399999737739563
0.7435897588729858
0.8974359035491943
0.7931034564971924
0.7567567825317383
0.625
0.7894737124443054
0.75
0.9069767594337463
0.698113203048706
0.875
0.7428571581840515
0.7804877758026123
0.75
0.78125
0.8947368264198303
0.8118811845779419
0.7727272510528564
0.8028169274330139
0.7857142686843872
0.5777778029441833
0.7954545617103577
0.7547169923782349
0.7746478915214539
0.7349397540092468
0.9054054021835327
0.6315789222717285
0.6864407062530518
0.800000011920929
0.7818182110786438
0.7631579041481018
0.6190476417541504
0.6000000238418579
0.5249999761581421
0.4615384638309479
0.8518518805503845
0.8421052694320679
0.8372092843055725
0.699999988079071
0.782608687877655
0.7692307829856873
0.6538461446762085
0.529411792755127
0.837837815284729
0.8421052694320679
0.875
0.760869562625885
0.695652186870575
0.6964285969734192
0.78125
0.6521739363670349
0.6666666865348816
0.7441860437393188
0.550000011920929
0.6315789222717285
0.7777777910232544
0.7647058963775635
0.3333333432674408
0.5263158082962036
0.7058823704719543
0.6610169410705566
0.7096773982048035
0.6000000238418579
0.6451612710952759
0.5802469253540039
0.774193525314331
0.6666666865348816
0.807692289352417
0.6078431606292725
0.7333333492279053
0.6666666865348816
0.843137264251709
0.5285714268684387
0.5432098507881165
0.5555555820465088
0.6875
0.6666666865348816
0.5384615659713745
0.40909090638160706
0.7037037014961243
0.7346938848495483
0.6024096608161926
0.5806451439857483
0.7777777910232544
0.5483871102333069
0.7341772317886353
0.6296296119689941
0.800000011920929
0.7215189933776855
0.6341463327407837
0.52173912525177
0.5
0.7027027010917664
0.625
0.5897436141967773
0.75
0.7272727489471436
0.625
0.6388888955116272
0.675000011920929
0.8823529481887817
0.71875
0.7222222089767456
0.6428571343421936
0.7049180269241333
0.6888889074325562
0.5333333611488342
0.6428571343421936
0.7096773982048035
0.8484848737716675
0.78125
0.6000000238418579
0.48148149251937866
0.7142857313156128
0.6000000238418579
0.7714285850524902
0.6666666865348816
0.6721311211585999
0.6857143044471741
0.4444444477558136
0.6507936716079712
0.7291666865348816
0.8888888955116272
0.7948718070983887
0.6666666865348816
0.699999988079071
0.6499999761581421
0.7872340679168701
0.550000011920929
0.5555555820465088
0.7096773982048035
0.7272727489471436
0.7333333492279053
0.8064516186714172
0.8823529481887817
0.75
0.720588207244873
0.6315789222717285
0.5454545617103577
0.6666666865348816
0.7368420958518982
0.7599999904632568
0.7222222089767456
0.800000011920929
0.694915235042572
0.7878788113594055
0.8181818127632141
0.795918345451355
0.6666666865348816
0.7627118825912476
0.4000000059604645
0.75
0.4444444477558136
0.5384615659713745
0.8461538553237915
0.7241379022598267
0.699999988079071
0.5
0.761904776096344
0.9038461446762085
0.7352941036224365
0.7894737124443054
0.5
0.9166666865348816
0.695652186870575
0.8673469424247742
0.8181818127632141
0.7631579041481018
0.7755101919174194
0.75
0.8372092843055725
0.7407407164573669
0.7441860437393188
0.7755101919174194
0.6875
0.7692307829856873
0.7333333492279053
0.8627451062202454
0.8695651888847351
0.7115384340286255
0.7333333492279053
0.800000011920929
0.8571428656578064
0.7719298005104065
0.6086956262588501
0.8913043737411499
0.8235294222831726
0.6470588445663452
0.6170212626457214
0.6326530575752258
0.7647058963775635
0.875
0.7599999904632568
0.807692289352417
0.7115384340286255
0.5263158082962036
0.8444444537162781
0.717391312122345
0.7450980544090271
0.8333333134651184
0.8666666746139526
0.8979591727256775
0.7708333134651184
0.7884615659713745
0.8279569745063782
0.7419354915618896
0.8695651888847351
0.9117646813392639
0.75
0.862500011920929
0.8199999928474426
0.8163265585899353
0.7383177280426025
0.7652173638343811
0.8641975522041321
0.8636363744735718
0.8804348111152649
0.8510638475418091
0.8372092843055725
0.7169811129570007
0.8666666746139526
0.7321428656578064
0.7319587469100952
0.8556700944900513
0.7200000286102295
0.7540983557701111
0.7049180269241333
0.8695651888847351
0.8636363744735718
0.8333333134651184
0.7536231875419617
0.7761194109916687
0.8275862336158752
0.6333333253860474
0.8125
0.7160493731498718
0.6666666865348816
0.6567164063453674
0.8125
0.8243243098258972
0.6666666865348816
0.8468468189239502
0.8627451062202454
0.5925925970077515
0.9026548862457275
0.7661290168762207
0.6428571343421936
0.8399999737739563
0.914893627166748
0.8571428656578064
0.8823529481887817
0.8571428656578064
0.75
0.841269850730896
0.800000011920929
0.824999988079071
0.8082191944122314
0.875
0.8918918967247009
0.9104477763175964
0.8771929740905762
0.843137264251709
0.6896551847457886
0.6666666865348816
0.5555555820465088
0.6875
0.8888888955116272
0.7777777910232544
0.8095238208770752
0.3076923191547394
0.8541666865348816
0.7777777910232544
0.6842105388641357
0.7647058963775635
0.9512194991111755
0.6875
0.7272727489471436
0.3125
0.692307710647583
0.9142857193946838
0.6190476417541504
0.7692307829856873
0.4000000059604645
0.5384615659713745
0.5555555820465088
0.7333333492279053
0.8799999952316284
0.9122806787490845
0.8214285969734192
0.8500000238418579
0.8199999928474426
0.739130437374115
0.859375
0.8979591727256775
0.9032257795333862
0.7777777910232544
0.8947368264198303
0.8536585569381714
0.6470588445663452
0.8064516186714172
0.8571428656578064
0.800000011920929
0.8799999952316284
0.8780487775802612
0.8292682766914368
0.8793103694915771
0.8636363744735718
0.84375
0.925000011920929
0.625
0.8421052694320679
0.8333333134651184
0.7857142686843872
0.6000000238418579
0.875
0.6842105388641357
0.8333333134651184
0.9166666865348816
0.5384615659713745
0.8148148059844971
0.8769230842590332
0.7777777910232544
0.725806474685669
0.6785714030265808
0.7027027010917664
0.692307710647583
0.7471264600753784
0.75
0.725806474685669
0.8086956739425659
0.892307698726654
0.5636363625526428
0.6326530575752258
0.7037037014961243
0.6428571343421936
0.6499999761581421
0.6857143044471741
0.6666666865348816
0.8444444537162781
0.75
0.6578947305679321
0.7599999904632568
0.6285714507102966
0.8196721076965332
0.737500011920929
0.6341463327407837
0.695652186870575
0.7666666507720947
0.7627118825912476
0.6111111044883728
0.644444465637207
0.6296296119689941
0.689393937587738
0.8055555820465088
0.4318181872367859
0.6969696879386902
0.6774193644523621
0.7435897588729858
0.875
0.6000000238418579
0.6000000238418579
0.8199999928474426
0.5384615659713745
0.8493150472640991
0.7164179086685181
0.7350427508354187
0.6341463327407837
0.7777777910232544
0.6944444179534912
0.7985074520111084
0.7916666865348816
0.7857142686843872
0.699999988079071
0.5660377144813538
0.8414633870124817
0.7105262875556946
0.6170212626457214
0.59375
0.4444444477558136
0.6607142686843872
0.6666666865348816
0.8196721076965332
0.7777777910232544
0.8055555820465088
0.9354838728904724
0.734375
0.695652186870575
0.5625
0.8846153616905212
0.8478260636329651
0.8333333134651184
0.7894737124443054
0.8666666746139526
0.6111111044883728
0.7045454382896423
0.8780487775802612
0.8600000143051147
0.7142857313156128
0.8679245114326477
0.8695651888847351
0.7727272510528564
0.75
0.7894737124443054
0.5681818127632141
0.7647058963775635
0.761904776096344
0.7352941036224365
0.8039215803146362
0.625
0.8536585569381714
0.8819444179534912
0.9263157844543457
0.9032257795333862
0.7142857313156128
0.7894737124443054
0.8709677457809448
0.875
0.8684210777282715
0.8695651888847351
0.6499999761581421
0.8780487775802612
0.7272727489471436
0.6521739363670349
0.8289473652839661
0.4285714328289032
0.9056603908538818
0.7037037014961243
0.9682539701461792
0.8181818127632141
0.6590909361839294
0.8648648858070374
0.6785714030265808
0.8387096524238586
0.9240506291389465
0.7746478915214539
0.8902438879013062
0.921875
0.847328245639801
0.868852436542511
0.8627451062202454
0.9069767594337463
0.9411764740943909
0.8703703880310059
0.8333333134651184
0.800000011920929
0.8641975522041321
0.782608687877655
0.8771929740905762
0.6666666865348816
0.875
0.699999988079071
0.7142857313156128
0.7333333492279053
0.8666666746139526
0.875
0.8095238208770752
0.6666666865348816
0.7333333492279053
0.7692307829856873
0.9117646813392639
0.8500000238418579
0.7820512652397156
0.7142857313156128
0.8500000238418579
0.7647058963775635
0.8831169009208679
0.7843137383460999
0.8269230723381042
0.625
0.8125
0.9142857193946838
0.5263158082962036
0.5882353186607361
0.892307698726654
0.7254902124404907
0.8780487775802612
0.6800000071525574
0.8363636136054993
0.7083333134651184
0.7272727489471436
0.800000011920929
0.8571428656578064
0.7428571581840515
0.782608687877655
0.7333333492279053
0.7058823704719543
0.9333333373069763
0.78125
0.7096773982048035
0.8148148059844971
0.800000011920929
0.695652186870575
0.5714285969734192
0.8085106611251831
0.8333333134651184
0.8196721076965332
0.800000011920929
0.8399999737739563
0.8658536672592163
0.7692307829856873
0.8611111044883728
0.824999988079071
0.8125
0.875
0.8684210777282715
0.7142857313156128
0.6315789222717285
0.800000011920929
0.6666666865348816
0.859375
0.8928571343421936
0.6206896305084229
0.7647058963775635
0.9459459185600281
0.8571428656578064
0.8181818127632141
0.8125
0.7428571581840515
0.8709677457809448
0.7435897588729858
0.7045454382896423
0.7920792102813721
0.8235294222831726
0.7599999904632568
0.8518518805503845
0.8709677457809448
0.8301886916160583
0.8730158805847168
0.8571428656578064
0.7931034564971924
0.800000011920929
0.8421052694320679
0.7666666507720947
0.6666666865348816
0.7333333492279053
0.692307710647583
0.6363636255264282
0.6842105388641357
0.699999988079071
0.48275861144065857
0.4615384638309479
0.8235294222831726
0.550000011920929
0.800000011920929
0.2857142984867096
0.6538461446762085
0.7636363506317139
0.7222222089767456
0.6000000238418579
0.4545454680919647
0.4838709533214569
0.8095238208770752
0.6486486196517944
0.7454545497894287
0.7164179086685181
0.6285714507102966
0.5454545617103577
0.5714285969734192
0.6190476417541504
0.7058823704719543
0.6111111044883728
0.7222222089767456
0.6818181872367859
0.5
0.7083333134651184
0.699999988079071
0.6774193644523621
0.46666666865348816
0.7441860437393188
0.6851851940155029
0.5757575631141663
0.6382978558540344
0.8372092843055725
0.6153846383094788
0.5600000023841858
0.6764705777168274
0.6486486196517944
0.625
0.40909090638160706
0.7692307829856873
0.6105263233184814
0.695652186870575
0.75
0.5517241358757019
0.6153846383094788
0.5405405163764954
0.5199999809265137
0.8064516186714172
0.6304348111152649
0.5555555820465088
0.6470588445663452
0.7142857313156128
0.5063291192054749
0.8181818127632141
0.5151515007019043
0.7407407164573669
0.5757575631141663
0.699999988079071
0.5263158082962036
0.5789473652839661
0.6764705777168274
0.5925925970077515
0.6875
0.5714285969734192
0.517241358757019
0.6867470145225525
0.7538461685180664
0.7735849022865295
0.6551724076271057
0.695652186870575
0.5
0.8095238208770752
0.6979166865348816
0.5806451439857483
0.5555555820465088
0.4583333432674408
0.7692307829856873
0.5897436141967773
0.4399999976158142
0.625
0.692307710647583
0.800000011920929
0.7714285850524902
0.5714285969734192
0.609375
0.6393442749977112
0.8181818127632141
0.6896551847457886
0.7142857313156128
0.75
0.6666666865348816
0.8571428656578064
0.7666666507720947
0.47826087474823
0.6551724076271057
0.6774193644523621
0.8709677457809448
0.707317054271698
0.529411792755127
0.6521739363670349
0.7538461685180664
0.4444444477558136
0.6097561120986938
0.7272727489471436
0.5714285969734192
0.625
0.5416666865348816
0.8059701323509216
0.8285714387893677
0.6818181872367859
0.4000000059604645
0.7250000238418579
0.38461539149284363
0.6774193644523621
0.7575757503509521
0.7666666507720947
0.7560975551605225
0.800000011920929
0.8536585569381714
0.4901960790157318
0.75
0.78125
0.8269230723381042
0.686170220375061
0.8550724387168884
0.8548387289047241
0.752293586730957
0.7972972989082336
0.9365079402923584
0.8970588445663452
0.7037037014961243
0.5185185074806213
0.7547169923782349
0.6785714030265808
0.8392857313156128
0.8414633870124817
0.7647058963775635
