0.7708333134651184
0.9111111164093018
0.7777777910232544
0.8571428656578064
0.800000011920929
0.75
0.8823529481887817
0.7804877758026123
0.8983050584793091
0.7804877758026123
0.7948718070983887
0.7714285850524902
0.8947368264198303
0.8918918967247009
0.7333333492279053
0.8399999737739563
0.8695651888847351
0.9285714030265808
0.8275862336158752
0.8518518805503845
0.8888888955116272
0.7777777910232544
0.7200000286102295
0.9032257795333862
0.9473684430122375
0.875
0.7749999761581421
0.8125
0.7083333134651184
0.7894737124443054
0.8979591727256775
0.761904776096344
0.9117646813392639
0.8125
0.6499999761581421
0.84375
0.7727272510528564
0.9318181872367859
0.9473684430122375
0.8837209343910217
0.9342105388641357
0.7727272510528564
0.9111111164093018
0.8333333134651184
0.9130434989929199
0.8928571343421936
0.7200000286102295
0.9130434989929199
0.9444444179534912
0.7878788113594055
0.9130434989929199
0.7777777910232544
0.7916666865348816
0.9347826242446899
0.8260869383811951
0.7647058963775635
0.7419354915618896
0.8928571343421936
0.9047619104385376
0.9200000166893005
0.8181818127632141
0.9245283007621765
0.8399999737739563
0.8928571343421936
0.8771929740905762
0.8333333134651184
0.800000011920929
0.8307692408561707
0.6764705777168274
0.8192771077156067
0.5789473652839661
0.8620689511299133
0.7692307829856873
0.84112149477005
0.8510638475418091
0.90625
0.8113207817077637
0.9230769276618958
0.7647058963775635
0.8333333134651184
0.7575757503509521
0.7105262875556946
0.8846153616905212
0.8529411554336548
0.8999999761581421
0.8571428656578064
0.739130437374115
0.8125
0.8648648858070374
0.9411764740943909
0.6800000071525574
0.9428571462631226
0.800000011920929
0.8947368264198303
0.875
0.9056603908538818
0.8695651888847351
0.7068965435028076
0.8285714387893677
0.9230769276618958
0.8999999761581421
0.699999988079071
0.7599999904632568
0.7435897588729858
0.5882353186607361
0.8333333134651184
0.5517241358757019
0.807692289352417
0.6666666865348816
0.8518518805503845
0.4166666567325592
0.7941176295280457
0.8723404407501221
0.8777777552604675
0.8627451062202454
0.8222222328186035
0.8780487775802612
0.9251700639724731
0.8837209343910217
0.7790697813034058
0.9268292784690857
0.8828828930854797
0.795918345451355
0.8999999761581421
0.800000011920929
0.932330846786499
0.8958333134651184
0.7407407164573669
0.8684210777282715
0.804347813129425
0.9473684430122375
0.7640449404716492
0.8275862336158752
0.957446813583374
0.6000000238418579
0.9090909361839294
0.8518518805503845
0.8181818127632141
0.782608687877655
0.7307692170143127
0.529411792755127
0.5
0.8333333134651184
0.7692307829856873
0.7142857313156128
0.8399999737739563
0.8888888955116272
0.800000011920929
0.6666666865348816
0.8157894611358643
0.8125
0.9230769276618958
0.9466666579246521
0.6363636255264282
0.90625
0.7727272510528564
0.699999988079071
0.7727272510528564
0.5555555820465088
0.8333333134651184
0.8928571343421936
0.75
0.782608687877655
0.8630136847496033
0.8235294222831726
0.8947368264198303
0.8064516186714172
0.800000011920929
0.8928571343421936
0.7777777910232544
0.8235294222831726
0.6875
0.7457627058029175
0.8888888955116272
0.8761062026023865
0.931034505367279
0.7924528121948242
0.925000011920929
0.8897637724876404
0.8118811845779419
0.8150684833526611
0.8392857313156128
0.7457627058029175
0.8550724387168884
0.5666666626930237
0.931034505367279
0.8405796885490417
0.9069767594337463
0.7669172883033752
0.7596153616905212
0.9541284441947937
0.7910447716712952
0.8999999761581421
0.7400000095367432
0.796875
0.8500000238418579
0.84375
0.6000000238418579
0.7916666865348816
0.8656716346740723
0.8695651888847351
0.7333333492279053
0.782608687877655
0.7333333492279053
0.8666666746139526
0.6666666865348816
0.90625
0.8571428656578064
0.8235294222831726
0.7857142686843872
0.8235294222831726
0.8500000238418579
0.8309859037399292
0.9130434989929199
0.8684210777282715
0.7407407164573669
0.800000011920929
0.6744186282157898
0.8799999952316284
0.9130434989929199
0.8666666746139526
0.8928571343421936
0.8888888955116272
0.7272727489471436
0.807692289352417
0.875
0.8648648858070374
0.7692307829856873
0.8958333134651184
0.8666666746139526
0.849056601524353
0.782608687877655
0.75
0.8799999952316284
0.8235294222831726
0.90625
0.875
0.925000011920929
0.800000011920929
0.8727272748947144
0.8108108043670654
0.7352941036224365
0.8157894611358643
0.9285714030265808
0.695652186870575
0.9387755393981934
0.875
0.8947368264198303
0.6315789222717285
0.931034505367279
0.6666666865348816
0.9090909361839294
0.8823529481887817
0.8965517282485962
0.8333333134651184
0.8421052694320679
0.7777777910232544
0.5806451439857483
0.8387096524238586
0.8474576473236084
0.8181818127632141
0.8636363744735718
0.7727272510528564
0.8666666746139526
0.8684210777282715
0.7575757503509521
0.6727272868156433
0.7560975551605225
0.8695651888847351
0.8656716346740723
0.7333333492279053
0.8799999952316284
0.8888888955116272
0.7857142686843872
0.8125
0.53125
0.9200000166893005
0.7027027010917664
0.75
0.7222222089767456
0.8684210777282715
0.6296296119689941
0.8970588445663452
0.8372092843055725
0.8709677457809448
0.46341463923454285
0.8055555820465088
0.6904761791229248
0.8372092843055725
0.760869562625885
0.8604651093482971
0.8928571343421936
0.8292682766914368
0.7910447716712952
0.760869562625885
0.8461538553237915
0.859649121761322
0.7142857313156128
0.717391312122345
0.6875
0.7837837934494019
0.8235294222831726
0.8947368264198303
0.9259259104728699
0.8857142925262451
0.8823529481887817
0.8970588445663452
0.7407407164573669
0.6666666865348816
0.8541666865348816
0.7222222089767456
0.6969696879386902
0.8285714387893677
0.7831325531005859
0.75
0.9166666865348816
0.774193525314331
0.8666666746139526
0.6315789222717285
0.6000000238418579
0.7272727489471436
0.8636363744735718
0.9347826242446899
0.8399999737739563
0.7692307829856873
0.8461538553237915
0.7586206793785095
0.8648648858070374
0.7916666865348816
0.8421052694320679
0.8333333134651184
0.930232584476471
0.8113207817077637
0.875
0.8571428656578064
0.7560975551605225
0.8452380895614624
0.90625
0.9210526347160339
0.8217821717262268
0.8999999761581421
0.8521126508712769
0.8333333134651184
0.7111111283302307
0.7954545617103577
0.7735849022865295
0.8309859037399292
0.759036123752594
0.8243243098258972
0.75
0.8474576473236084
0.800000011920929
0.9090909361839294
0.8421052694320679
0.6190476417541504
0.800000011920929
0.7250000238418579
0.5384615659713745
0.8518518805503845
0.8421052694320679
0.8139534592628479
0.800000011920929
0.8260869383811951
0.8461538553237915
0.8461538553237915
0.6470588445663452
0.8918918967247009
0.8421052694320679
0.800000011920929
0.8260869383811951
0.695652186870575
0.7857142686843872
0.71875
0.5652173757553101
0.75
0.7441860437393188
0.699999988079071
0.7368420958518982
0.7777777910232544
0.8235294222831726
0.3888888955116272
0.5263158082962036
0.8823529481887817
0.7118644118309021
0.6774193644523621
0.762499988079071
0.9032257795333862
0.6790123581886292
0.774193525314331
0.6969696879386902
0.7692307829856873
0.7254902124404907
0.800000011920929
0.8229166865348816
0.9019607901573181
0.5
0.7160493731498718
0.7777777910232544
0.75
0.7407407164573669
0.38461539149284363
0.4545454680919647
0.7037037014961243
0.8163265585899353
0.7831325531005859
0.6129032373428345
0.7777777910232544
0.7419354915618896
0.746835470199585
0.7777777910232544
0.7333333492279053
0.8227847814559937
0.8536585569381714
0.739130437374115
0.7727272510528564
0.6756756901741028
0.6071428656578064
0.6153846383094788
0.6000000238418579
0.7727272510528564
0.6499999761581421
0.7361111044883728
0.7749999761581421
0.8823529481887817
0.71875
0.7083333134651184
0.7142857313156128
0.7868852615356445
0.8222222328186035
0.5333333611488342
0.7857142686843872
0.7096773982048035
0.8484848737716675
0.75
0.6399999856948853
0.5185185074806213
0.7857142686843872
0.8117647171020508
0.8285714387893677
0.8095238208770752
0.8196721076965332
0.6857143044471741
0.7777777910232544
0.7142857313156128
0.8541666865348816
0.8888888955116272
0.807692289352417
0.6666666865348816
0.699999988079071
0.800000011920929
0.8085106611251831
0.75
0.6666666865348816
0.774193525314331
0.7272727489471436
0.8999999761581421
0.8387096524238586
0.8235294222831726
0.8333333134651184
0.6764705777168274
0.6315789222717285
0.7272727489471436
0.6666666865348816
0.8421052694320679
0.8600000143051147
0.8611111044883728
0.7714285850524902
0.8898305296897888
0.8181818127632141
0.8181818127632141
0.795918345451355
0.6666666865348816
0.7966101765632629
0.550000011920929
0.7916666865348816
0.5555555820465088
0.692307710647583
0.8461538553237915
0.8448275923728943
0.800000011920929
0.65625
0.7142857313156128
0.8269230723381042
0.8235294222831726
0.7368420958518982
0.7666666507720947
0.9444444179534912
0.739130437374115
0.8877550959587097
0.8636363744735718
0.7105262875556946
0.7346938848495483
0.7884615659713745
0.8604651093482971
0.8518518805503845
0.7441860437393188
0.6530612111091614
0.9583333134651184
0.7115384340286255
0.7777777910232544
0.9607843160629272
0.8913043737411499
0.8269230723381042
0.8999999761581421
0.7904762029647827
0.7551020383834839
0.859649121761322
0.782608687877655
0.9130434989929199
0.8823529481887817
0.686274528503418
0.7234042286872864
0.7346938848495483
0.7450980544090271
0.9107142686843872
0.8999999761581421
0.8846153616905212
0.8461538553237915
0.6842105388641357
0.8888888955116272
0.804347813129425
0.8039215803146362
0.875
0.8666666746139526
0.8571428656578064
0.8333333134651184
0.807692289352417
0.8279569745063782
0.9784946441650391
0.8260869383811951
0.8529411554336548
0.7666666507720947
0.925000011920929
0.9599999785423279
0.8775510191917419
0.8878504633903503
0.9217391014099121
0.790123462677002
0.9363636374473572
0.9347826242446899
0.7659574747085571
0.8023256063461304
0.8301886916160583
0.7714285850524902
0.7321428656578064
0.7731958627700806
0.8969072103500366
0.8500000238418579
0.8196721076965332
0.6065573692321777
0.9130434989929199
0.8939393758773804
0.8690476417541504
0.8260869383811951
0.8656716346740723
0.8275862336158752
0.699999988079071
0.875
0.7530864477157593
0.8585858345031738
0.8059701323509216
0.8541666865348816
0.9189189076423645
0.8095238208770752
0.8648648858070374
0.843137264251709
0.8148148059844971
0.8053097128868103
0.75
0.8571428656578064
0.8799999952316284
0.936170220375061
0.8214285969734192
0.8235294222831726
0.9166666865348816
0.75
0.8888888955116272
0.800000011920929
0.75
0.8904109597206116
0.9375
0.8648648858070374
0.9552238583564758
0.8421052694320679
0.8823529481887817
0.8103448152542114
0.7777777910232544
0.8055555820465088
0.625
0.9012345671653748
0.9259259104728699
0.8095238208770752
0.5384615659713745
0.8125
0.8888888955116272
0.7894737124443054
0.7647058963775635
0.9634146094322205
0.8125
0.8636363744735718
0.6875
0.6153846383094788
0.8285714387893677
0.7142857313156128
0.807692289352417
0.699999988079071
0.692307710647583
0.6666666865348816
0.7333333492279053
0.800000011920929
0.9298245906829834
0.9107142686843872
0.800000011920929
0.9200000166893005
0.8695651888847351
0.90625
0.9591836929321289
0.8709677457809448
0.7777777910232544
0.8421052694320679
0.8048780560493469
0.6470588445663452
0.8709677457809448
0.8571428656578064
0.800000011920929
0.8399999737739563
0.8780487775802612
0.9024389982223511
0.8793103694915771
0.8409090638160706
0.875
0.949999988079071
0.75
0.9210526347160339
0.8333333134651184
0.8571428656578064
0.7333333492279053
0.875
0.7894737124443054
0.8333333134651184
0.9166666865348816
0.692307710647583
0.8148148059844971
0.9076923131942749
0.7777777910232544
0.8387096524238586
0.75
0.7567567825317383
0.7692307829856873
0.8505747318267822
0.75
0.8387096524238586
0.8782608509063721
0.9230769276618958
0.6909090876579285
0.7142857313156128
0.5925925970077515
0.699999988079071
0.75
0.7714285850524902
0.6000000238418579
0.855555534362793
0.7954545617103577
0.6842105388641357
0.7200000286102295
0.8142856955528259
0.8360655903816223
0.7875000238418579
0.6829268336296082
0.8913043737411499
0.8666666746139526
0.7457627058029175
0.6666666865348816
0.644444465637207
0.7407407164573669
0.7348484992980957
0.8333333134651184
0.5681818127632141
0.8181818127632141
0.8064516186714172
0.8461538553237915
0.8125
0.625
0.699999988079071
0.8600000143051147
0.6346153616905212
0.8767123222351074
0.7313432693481445
0.7692307829856873
0.7560975551605225
0.7301587462425232
0.7916666865348816
0.8059701323509216
0.8333333134651184
0.7857142686843872
0.6499999761581421
0.7547169923782349
0.7682926654815674
0.7368420958518982
0.6382978558540344
0.78125
0.6666666865348816
0.7857142686843872
0.8333333134651184
0.8852459192276001
0.8333333134651184
0.8611111044883728
0.9032257795333862
0.828125
0.8695651888847351
0.8125
0.8846153616905212
0.8478260636329651
0.7666666507720947
0.7894737124443054
0.8666666746139526
0.6111111044883728
0.8409090638160706
0.8536585569381714
0.8999999761581421
0.918367326259613
0.7924528121948242
0.695652186870575
0.8636363744735718
0.875
0.7894737124443054
0.8409090638160706
0.7647058963775635
0.8571428656578064
0.7941176295280457
0.9215686321258545
0.6875
0.9024389982223511
0.9375
0.9368420839309692
0.9354838728904724
0.761904776096344
0.7894737124443054
0.9032257795333862
0.8999999761581421
0.8157894611358643
0.9130434989929199
0.8500000238418579
0.9024389982223511
0.6363636255264282
0.8260869383811951
0.7236841917037964
0.6428571343421936
0.9056603908538818
0.8148148059844971
0.9365079402923584
0.8181818127632141
0.6590909361839294
0.6486486196517944
0.7857142686843872
0.7096773982048035
0.949367105960846
0.7887324094772339
0.9268292784690857
0.9375
0.847328245639801
0.8524590134620667
0.7647058963775635
0.9534883499145508
0.9607843160629272
0.8518518805503845
0.8571428656578064
0.75
0.8765432238578796
0.695652186870575
0.9122806787490845
0.9047619104385376
0.90625
0.8999999761581421
0.7857142686843872
0.699999988079071
0.8666666746139526
0.8125
0.8809523582458496
0.6111111044883728
0.6000000238418579
0.807692289352417
0.9117646813392639
0.8500000238418579
0.8205128312110901
0.8214285969734192
0.800000011920929
0.7058823704719543
0.8701298832893372
0.7647058963775635
0.8461538553237915
0.75
0.8125
0.8857142925262451
0.5263158082962036
0.7647058963775635
0.892307698726654
0.7058823704719543
0.8536585569381714
0.6399999856948853
0.9272727370262146
0.7916666865348816
0.8636363744735718
0.7200000286102295
0.8571428656578064
0.800000011920929
0.6086956262588501
0.7333333492279053
0.5882353186607361
0.8333333134651184
0.8125
0.7419354915618896
0.7777777910232544
0.8500000238418579
0.739130437374115
0.523809552192688
0.7872340679168701
0.7333333492279053
0.8196721076965332
0.949999988079071
0.6800000071525574
0.8170731663703918
0.8846153616905212
0.9166666865348816
0.824999988079071
0.6875
0.9166666865348816
0.9210526347160339
0.7142857313156128
0.6842105388641357
0.8666666746139526
0.8717948794364929
0.875
0.8214285969734192
0.7586206793785095
0.8235294222831726
0.9459459185600281
0.800000011920929
0.7272727489471436
0.8333333134651184
0.7714285850524902
0.9032257795333862
0.8974359035491943
0.8409090638160706
0.8217821717262268
0.8529411554336548
0.8799999952316284
0.8333333134651184
0.9032257795333862
0.8301886916160583
0.8888888955116272
0.8571428656578064
0.7586206793785095
0.8666666746139526
0.7368420958518982
0.8333333134651184
0.7222222089767456
0.6666666865348816
0.5384615659713745
0.7878788113594055
0.5789473652839661
0.8333333134651184
0.5862069129943848
0.4615384638309479
0.7352941036224365
0.675000011920929
0.800000011920929
0.5
0.5769230723381042
0.8181818127632141
0.7037037014961243
0.8285714387893677
0.5
0.5806451439857483
0.761904776096344
0.37837839126586914
0.7636363506317139
0.7014925479888916
0.6571428775787354
0.5151515007019043
0.6428571343421936
0.7904762029647827
0.6470588445663452
0.7222222089767456
0.5555555820465088
0.7272727489471436
0.7222222089767456
0.8125
0.75
0.6774193644523621
0.5333333611488342
0.8837209343910217
0.7037037014961243
0.8484848737716675
0.7021276354789734
0.8023256063461304
0.692307710647583
0.7599999904632568
0.7058823704719543
0.6756756901741028
0.699999988079071
0.5454545617103577
0.5384615659713745
0.6842105388641357
0.6521739363670349
0.6666666865348816
0.517241358757019
0.6538461446762085
0.6216216087341309
0.47999998927116394
0.8387096524238586
0.6086956262588501
0.6666666865348816
0.7647058963775635
0.761904776096344
0.6708860993385315
0.7272727489471436
0.7878788113594055
0.5555555820465088
0.6060606241226196
0.75
0.5789473652839661
0.6578947305679321
0.7058823704719543
0.40740740299224854
0.8125
0.6190476417541504
0.5862069129943848
0.7349397540092468
0.8769230842590332
0.8301886916160583
0.7068965435028076
0.8478260636329651
0.5555555820465088
0.7857142686843872
0.875
0.774193525314331
0.6666666865348816
0.7083333134651184
0.7179487347602844
0.6153846383094788
0.2800000011920929
0.75
0.7884615659713745
0.800000011920929
0.8285714387893677
0.7142857313156128
0.71875
0.7704917788505554
0.8484848737716675
0.8275862336158752
0.6122449040412903
0.8333333134651184
0.7333333492279053
0.8333333134651184
0.8666666746139526
0.695652186870575
0.7931034564971924
0.725806474685669
0.9354838728904724
0.9268292784690857
0.6470588445663452
0.5652173757553101
0.8461538553237915
0.7777777910232544
0.6829268336296082
0.8181818127632141
0.5428571701049805
0.7321428656578064
0.7083333134651184
0.8805969953536987
0.9142857193946838
0.8484848737716675
0.699999988079071
0.800000011920929
0.6153846383094788
0.9032257795333862
0.7272727489471436
0.8333333134651184
0.8780487775802612
0.8666666746139526
0.9024389982223511
0.7254902124404907
0.8125
0.828125
0.7307692170143127
0.8936170339584351
0.8695651888847351
0.8870967626571655
0.752293586730957
0.8108108043670654
0.9365079402923584
0.8088235259056091
0.7777777910232544
0.7777777910232544
0.7924528121948242
0.7857142686843872
0.8392857313156128
0.8170731663703918
0.8235294222831726
