0.7708333134651184
0.9333333373069763
0.8055555820465088
0.9047619104385376
0.800000011920929
0.8500000238418579
0.8823529481887817
0.9024389982223511
0.8474576473236084
0.9268292784690857
0.9230769276618958
0.8857142925262451
0.8421052694320679
0.8918918967247009
0.800000011920929
0.8799999952316284
0.9130434989929199
0.9285714030265808
0.8620689511299133
0.8888888955116272
0.8888888955116272
0.8888888955116272
0.8799999952316284
0.8064516186714172
0.9210526347160339
0.9166666865348816
0.8500000238418579
0.75
0.7916666865348816
0.7894737124443054
0.8979591727256775
0.8095238208770752
0.9117646813392639
0.8125
0.699999988079071
0.875
0.8636363744735718
0.9318181872367859
0.9473684430122375
0.8372092843055725
0.9605262875556946
0.8181818127632141
0.800000011920929
0.8333333134651184
0.9130434989929199
0.9285714030265808
0.800000011920929
0.9130434989929199
0.8055555820465088
0.7878788113594055
0.9130434989929199
0.8222222328186035
0.7708333134651184
0.8478260636329651
0.8695651888847351
0.8235294222831726
0.7419354915618896
0.875
0.9047619104385376
0.9200000166893005
0.9090909361839294
0.9622641801834106
0.8399999737739563
0.8928571343421936
0.859649121761322
0.8333333134651184
0.8285714387893677
0.892307698726654
0.7647058963775635
0.891566276550293
0.6842105388641357
0.8965517282485962
0.7692307829856873
0.8971962332725525
0.8297872543334961
0.875
0.8867924809455872
0.8461538553237915
0.8823529481887817
0.8333333134651184
0.8787878751754761
0.8684210777282715
0.8846153616905212
0.8823529481887817
0.8999999761581421
0.9428571462631226
0.8695651888847351
0.890625
0.9189189076423645
0.9411764740943909
0.8799999952316284
0.9428571462631226
0.8799999952316284
0.9473684430122375
0.75
0.9433962106704712
0.9130434989929199
0.6724137663841248
0.8571428656578064
0.9230769276618958
0.925000011920929
0.75
0.6800000071525574
0.7948718070983887
0.8235294222831726
0.8666666746139526
0.8275862336158752
0.8846153616905212
0.7777777910232544
0.9259259104728699
0.5833333134651184
0.7941176295280457
0.914893627166748
0.9222221970558167
0.8823529481887817
0.8888888955116272
0.9024389982223511
0.9387755393981934
0.9069767594337463
0.7906976938247681
0.9024389982223511
0.9369369149208069
0.8979591727256775
0.9166666865348816
0.892307698726654
0.8947368264198303
0.9166666865348816
0.9074074029922485
0.8947368264198303
0.739130437374115
0.9473684430122375
0.898876428604126
0.8965517282485962
0.914893627166748
0.7333333492279053
0.9090909361839294
0.9074074029922485
0.8636363744735718
0.9130434989929199
0.7692307829856873
0.7058823704719543
0.7083333134651184
0.9444444179534912
0.8461538553237915
0.8571428656578064
0.8399999737739563
0.8333333134651184
0.699999988079071
0.6666666865348816
0.8684210777282715
0.90625
0.9230769276618958
0.9200000166893005
0.7727272510528564
0.84375
0.8181818127632141
0.800000011920929
0.8181818127632141
0.5555555820465088
0.8333333134651184
0.8928571343421936
0.7142857313156128
0.8695651888847351
0.931506872177124
0.8235294222831726
0.8947368264198303
0.8064516186714172
0.8666666746139526
0.8928571343421936
0.8611111044883728
0.9117646813392639
0.6875
0.9152542352676392
0.9111111164093018
0.8407079577445984
0.9137930870056152
0.8113207817077637
0.9125000238418579
0.874015748500824
0.8712871074676514
0.8219178318977356
0.9464285969734192
0.8474576473236084
0.8840579986572266
0.699999988079071
0.931034505367279
0.8405796885490417
0.9418604373931885
0.7894737124443054
0.8942307829856873
0.9266055226325989
0.89552241563797
0.8399999737739563
0.8199999928474426
0.875
0.7749999761581421
0.8958333134651184
0.75
0.9166666865348816
0.8059701323509216
0.9130434989929199
0.800000011920929
0.9275362491607666
0.800000011920929
0.7333333492279053
0.6666666865348816
0.90625
0.9387755393981934
0.7647058963775635
0.8928571343421936
0.8627451062202454
0.8500000238418579
0.8732394576072693
0.9130434989929199
0.9210526347160339
0.8518518805503845
0.800000011920929
0.8372092843055725
0.9100000262260437
0.9130434989929199
0.800000011920929
0.9285714030265808
0.9259259104728699
0.7727272510528564
0.9230769276618958
0.9166666865348816
0.9459459185600281
0.9230769276618958
0.8958333134651184
0.8666666746139526
0.9245283007621765
0.8260869383811951
0.9166666865348816
0.8933333158493042
0.8235294222831726
0.90625
0.875
0.925000011920929
0.875
0.9272727370262146
0.837837815284729
0.7941176295280457
0.8947368264198303
0.9285714030265808
0.695652186870575
0.918367326259613
0.875
0.8947368264198303
0.6842105388641357
0.8965517282485962
0.8333333134651184
0.9090909361839294
0.8823529481887817
0.931034505367279
0.7222222089767456
0.7368420958518982
0.8518518805503845
0.6451612710952759
0.8064516186714172
0.8813559412956238
0.8863636255264282
0.9090909361839294
0.8636363744735718
0.8999999761581421
0.8421052694320679
0.939393937587738
0.7636363506317139
0.8292682766914368
0.804347813129425
0.8059701323509216
0.800000011920929
0.8399999737739563
0.8148148059844971
0.7857142686843872
0.84375
0.65625
0.9200000166893005
0.7837837934494019
0.84375
0.7777777910232544
0.9210526347160339
0.7777777910232544
0.8676470518112183
0.9069767594337463
0.9032257795333862
0.8292682766914368
0.8888888955116272
0.9285714030265808
0.930232584476471
0.8695651888847351
0.7906976938247681
0.9285714030265808
0.8780487775802612
0.8507462739944458
0.804347813129425
0.8942307829856873
0.859649121761322
0.8857142925262451
0.8695651888847351
0.8125
0.8783783912658691
0.8823529481887817
0.8947368264198303
0.9074074029922485
0.9142857193946838
0.9058823585510254
0.9264705777168274
0.8518518805503845
0.75
0.8958333134651184
0.8333333134651184
0.8787878751754761
0.8571428656578064
0.8313252925872803
0.8055555820465088
0.9166666865348816
0.9032257795333862
0.9333333373069763
0.6842105388641357
0.6000000238418579
0.8181818127632141
0.8636363744735718
0.9347826242446899
0.8799999952316284
0.7948718070983887
0.8717948794364929
0.8620689511299133
0.8918918967247009
0.875
0.8421052694320679
0.8333333134651184
0.9534883499145508
0.849056601524353
0.925000011920929
0.9142857193946838
0.869918704032898
0.9166666865348816
0.90625
0.9473684430122375
0.9207921028137207
0.9545454382896423
0.9014084339141846
0.8571428656578064
0.9111111164093018
0.8409090638160706
0.8113207817077637
0.8591549396514893
0.9156626462936401
0.9594594836235046
0.8289473652839661
0.8220338821411133
0.800000011920929
0.9454545378684998
0.8947368264198303
0.6666666865348816
0.875
0.7749999761581421
0.5384615659713745
0.8148148059844971
0.8947368264198303
0.8139534592628479
0.800000011920929
0.9130434989929199
0.8846153616905212
0.7884615659713745
0.8235294222831726
0.8648648858070374
0.8947368264198303
0.8500000238418579
0.804347813129425
0.8695651888847351
0.9285714030265808
0.90625
0.782608687877655
0.8333333134651184
0.8604651093482971
0.75
0.7894737124443054
0.8333333134651184
0.8823529481887817
0.7222222089767456
0.6315789222717285
0.9117646813392639
0.7118644118309021
0.8387096524238586
0.887499988079071
0.9354838728904724
0.8148148059844971
0.8387096524238586
0.8181818127632141
0.8461538553237915
0.7647058963775635
0.8333333134651184
0.90625
0.9411764740943909
0.6714285612106323
0.7283950448036194
0.8333333134651184
0.8125
0.7037037014961243
0.4615384638309479
0.5
0.8888888955116272
0.8571428656578064
0.7831325531005859
0.7903226017951965
0.8333333134651184
0.8387096524238586
0.8354430198669434
0.8888888955116272
0.8888888955116272
0.9367088675498962
0.8780487775802612
0.782608687877655
0.7727272510528564
0.8108108043670654
0.8035714030265808
0.7692307829856873
0.8999999761581421
0.8181818127632141
0.75
0.7361111044883728
0.8500000238418579
0.8823529481887817
0.84375
0.8611111044883728
0.7142857313156128
0.7377049326896667
0.7777777910232544
0.5333333611488342
0.8095238208770752
0.8064516186714172
0.8484848737716675
0.90625
0.7599999904632568
0.6296296119689941
0.8285714387893677
0.8470588326454163
0.8857142925262451
0.9047619104385376
0.9016393423080444
0.8571428656578064
0.7777777910232544
0.8492063283920288
0.8958333134651184
0.8611111044883728
0.9102563858032227
0.8333333134651184
0.800000011920929
0.949999988079071
0.8723404407501221
0.6499999761581421
0.6666666865348816
0.8064516186714172
0.9090909361839294
0.8666666746139526
0.8709677457809448
0.8235294222831726
0.9166666865348816
0.9558823704719543
0.7368420958518982
0.8181818127632141
0.7777777910232544
0.8157894611358643
0.8700000047683716
0.9166666865348816
0.7714285850524902
0.9322034120559692
0.9090909361839294
0.8181818127632141
0.8571428656578064
0.7777777910232544
0.7966101765632629
0.44999998807907104
0.8333333134651184
0.6666666865348816
0.7692307829856873
0.8461538553237915
0.8965517282485962
0.8666666746139526
0.75
0.8571428656578064
0.9230769276618958
0.7941176295280457
0.8421052694320679
0.8333333134651184
0.9305555820465088
0.8695651888847351
0.9387755393981934
0.9090909361839294
0.8421052694320679
0.918367326259613
0.8269230723381042
0.8372092843055725
0.8703703880310059
0.7674418687820435
0.8775510191917419
0.875
0.9230769276618958
0.7777777910232544
0.9411764740943909
0.8695651888847351
0.8653846383094788
0.9166666865348816
0.8857142925262451
0.918367326259613
0.9122806787490845
0.804347813129425
0.9130434989929199
0.8823529481887817
0.9019607901573181
0.8936170339584351
0.7346938848495483
0.8627451062202454
0.9285714030265808
0.8999999761581421
0.9038461446762085
0.9230769276618958
0.6842105388641357
0.9333333373069763
0.760869562625885
0.8235294222831726
0.9375
0.9333333373069763
0.9387755393981934
0.8333333134651184
0.942307710647583
0.8817204236984253
0.9462365508079529
0.9130434989929199
0.970588207244873
0.9583333134651184
0.9624999761581421
0.9700000286102295
0.8775510191917419
0.9345794320106506
0.939130425453186
0.9259259104728699
0.9363636374473572
0.9347826242446899
0.8617021441459656
0.895348846912384
0.7924528121948242
0.9333333373069763
0.8928571343421936
0.9175257682800293
0.907216489315033
0.8700000047683716
0.9016393423080444
0.8360655903816223
0.945652186870575
0.9090909361839294
0.9166666865348816
0.9420289993286133
0.7313432693481445
0.8965517282485962
0.8666666746139526
0.875
0.7777777910232544
0.9494949579238892
0.9253731369972229
0.8125
0.9594594836235046
0.9047619104385376
0.9189189076423645
0.9019607901573181
0.8518518805503845
0.9380530714988708
0.8306451439857483
0.7857142686843872
0.9200000166893005
0.936170220375061
0.875
0.8823529481887817
0.8928571343421936
0.8888888955116272
0.8888888955116272
0.8571428656578064
0.8500000238418579
0.9452054500579834
0.90625
0.8648648858070374
0.9701492786407471
0.9298245906829834
0.9411764740943909
0.8965517282485962
0.8333333134651184
0.8888888955116272
0.6875
0.9382715821266174
0.8518518805503845
0.761904776096344
0.7692307829856873
0.9166666865348816
0.9259259104728699
0.6842105388641357
0.8823529481887817
0.9756097793579102
0.75
0.8636363744735718
0.3125
0.8461538553237915
0.9428571462631226
0.761904776096344
0.8461538553237915
0.800000011920929
0.8461538553237915
0.7222222089767456
0.8999999761581421
0.9200000166893005
0.9473684430122375
0.875
0.8999999761581421
0.9200000166893005
0.8260869383811951
0.9375
0.9387755393981934
0.8709677457809448
0.8333333134651184
0.8947368264198303
0.8536585569381714
0.7647058963775635
0.9193548560142517
0.8571428656578064
0.8666666746139526
0.9399999976158142
0.9268292784690857
0.9512194991111755
0.931034505367279
0.9318181872367859
0.9375
0.949999988079071
0.625
0.9473684430122375
0.8333333134651184
0.9047619104385376
0.800000011920929
0.875
0.7894737124443054
0.75
0.9333333373069763
0.8461538553237915
0.8888888955116272
0.9538461565971375
0.7777777910232544
0.9032257795333862
0.9107142686843872
0.8108108043670654
0.8205128312110901
0.8965517282485962
0.84375
0.8709677457809448
0.904347836971283
0.9538461565971375
0.7272727489471436
0.795918345451355
0.7037037014961243
0.800000011920929
0.699999988079071
0.8285714387893677
0.46666666865348816
0.8777777552604675
0.8068181872367859
0.7631579041481018
0.7200000286102295
0.8428571224212646
0.8852459192276001
0.8999999761581421
0.8292682766914368
0.9347826242446899
0.8999999761581421
0.8728813529014587
0.6666666865348816
0.8444444537162781
0.8518518805503845
0.7954545617103577
0.9444444179534912
0.7045454382896423
0.8181818127632141
0.8064516186714172
0.8205128312110901
0.90625
0.8500000238418579
0.699999988079071
0.9200000166893005
0.7307692170143127
0.8767123222351074
0.8358209133148193
0.8974359035491943
0.8780487775802612
0.920634925365448
0.8472222089767456
0.8731343150138855
0.8472222089767456
0.8571428656578064
0.800000011920929
0.8113207817077637
0.9146341681480408
0.8684210777282715
0.6382978558540344
0.8125
0.8148148059844971
0.8035714030265808
0.8518518805503845
0.8852459192276001
0.9074074029922485
0.9166666865348816
0.9032257795333862
0.90625
0.9130434989929199
0.75
0.9230769276618958
0.95652174949646
0.8666666746139526
0.8421052694320679
0.9111111164093018
0.8333333134651184
0.8409090638160706
0.9512194991111755
0.9399999976158142
0.9591836929321289
0.9433962106704712
0.8260869383811951
0.8181818127632141
0.875
0.8947368264198303
0.8636363744735718
0.8235294222831726
0.8095238208770752
0.7941176295280457
0.9607843160629272
0.875
0.9512194991111755
0.9513888955116272
0.9684210419654846
0.9354838728904724
0.8095238208770752
0.7894737124443054
0.9032257795333862
0.875
0.9210526347160339
0.8260869383811951
0.800000011920929
0.9268292784690857
0.6666666865348816
0.8695651888847351
0.9473684430122375
0.7857142686843872
0.9245283007621765
0.8518518805503845
0.9523809552192688
0.8787878751754761
0.75
0.9189189076423645
0.7857142686843872
0.8225806355476379
0.949367105960846
0.8873239159584045
0.9390243887901306
0.9375
0.9160305261611938
0.9508196711540222
0.9411764740943909
0.9534883499145508
0.9607843160629272
0.9074074029922485
0.9285714030265808
0.75
0.9259259104728699
0.8260869383811951
0.9473684430122375
0.9047619104385376
0.90625
0.8999999761581421
0.8571428656578064
0.8999999761581421
0.8666666746139526
0.875
0.9523809552192688
0.7777777910232544
0.800000011920929
0.807692289352417
0.9117646813392639
0.8999999761581421
0.9102563858032227
0.8214285969734192
0.800000011920929
0.7352941036224365
0.9090909361839294
0.843137264251709
0.8653846383094788
0.6875
0.9375
0.8571428656578064
0.42105263471603394
0.7647058963775635
0.9538461565971375
0.7254902124404907
0.9268292784690857
0.7200000286102295
0.9272727370262146
0.75
0.9090909361839294
0.8399999737739563
0.8928571343421936
0.9428571462631226
0.782608687877655
0.8666666746139526
0.7058823704719543
0.8999999761581421
0.90625
0.8387096524238586
0.8888888955116272
0.9166666865348816
0.8260869383811951
0.6666666865348816
0.914893627166748
0.8999999761581421
0.7540983557701111
0.9333333373069763
0.800000011920929
0.9268292784690857
0.9230769276618958
0.9444444179534912
0.8999999761581421
0.875
0.9166666865348816
0.9210526347160339
0.8095238208770752
0.8421052694320679
0.800000011920929
0.8717948794364929
0.90625
0.9285714030265808
0.8275862336158752
0.8823529481887817
0.9459459185600281
0.9142857193946838
0.8636363744735718
0.8541666865348816
0.8285714387893677
0.9354838728904724
0.9230769276618958
0.9090909361839294
0.8514851331710815
0.8529411554336548
0.9200000166893005
0.9444444179534912
0.9032257795333862
0.9245283007621765
0.8571428656578064
0.8571428656578064
0.8275862336158752
0.8666666746139526
0.8421052694320679
0.7666666507720947
0.6666666865348816
0.800000011920929
0.807692289352417
0.9090909361839294
0.7894737124443054
0.8333333134651184
0.6206896305084229
0.692307710647583
0.7941176295280457
0.8500000238418579
0.800000011920929
0.6428571343421936
0.692307710647583
0.8545454740524292
0.8518518805503845
0.8857142925262451
0.7272727489471436
0.5806451439857483
0.8571428656578064
0.7567567825317383
0.8909090757369995
0.7910447716712952
0.7142857313156128
0.6060606241226196
0.7857142686843872
0.8380952477455139
0.8823529481887817
0.7222222089767456
0.7777777910232544
0.7727272510528564
0.9166666865348816
0.7916666865348816
0.800000011920929
0.8064516186714172
0.5333333611488342
0.8604651093482971
0.8333333134651184
0.7575757503509521
0.6808510422706604
0.9186046719551086
0.692307710647583
0.7200000286102295
0.8529411554336548
0.8108108043670654
0.675000011920929
0.5454545617103577
0.8461538553237915
0.821052610874176
0.760869562625885
0.6666666865348816
0.5517241358757019
0.8461538553237915
0.5945945978164673
0.6000000238418579
0.9032257795333862
0.739130437374115
0.7777777910232544
0.7647058963775635
0.9047619104385376
0.7721518874168396
0.8484848737716675
0.7575757503509521
0.8148148059844971
0.7878788113594055
0.8500000238418579
0.8947368264198303
0.6578947305679321
0.6764705777168274
0.6666666865348816
0.6875
0.9047619104385376
0.5862069129943848
0.8554216623306274
0.8769230842590332
0.849056601524353
0.8103448152542114
0.782608687877655
0.6111111044883728
0.9523809552192688
0.8645833134651184
0.8709677457809448
0.7777777910232544
0.75
0.7435897588729858
0.6794871687889099
0.6800000071525574
0.8125
0.8846153616905212
0.800000011920929
0.8571428656578064
0.8571428656578064
0.734375
0.8032786846160889
0.939393937587738
0.8620689511299133
0.8571428656578064
0.75
0.6666666865348816
0.8809523582458496
0.8333333134651184
0.8695651888847351
0.8965517282485962
0.8225806355476379
0.9516128897666931
0.9512194991111755
0.6470588445663452
0.6521739363670349
0.8769230842590332
0.7777777910232544
0.7804877758026123
0.9090909361839294
0.9142857193946838
0.7321428656578064
0.7916666865348816
0.7910447716712952
0.8857142925262451
0.9242424368858337
0.6000000238418579
0.8999999761581421
0.692307710647583
0.9462365508079529
0.7878788113594055
0.8999999761581421
0.9268292784690857
0.8999999761581421
0.9268292784690857
0.8039215803146362
0.8125
0.890625
0.8269230723381042
0.8829787373542786
0.8550724387168884
0.9435483813285828
0.9266055226325989
0.8783783912658691
0.9365079402923584
0.8235294222831726
0.7777777910232544
0.9259259104728699
0.7924528121948242
0.9285714030265808
0.8928571343421936
0.8536585569381714
0.8235294222831726
