0.9375
0.9333333373069763
0.75
0.9047619104385376
0.8666666746139526
0.925000011920929
0.9411764740943909
0.9268292784690857
0.9152542352676392
0.9512194991111755
0.9487179517745972
0.8857142925262451
0.8947368264198303
0.9189189076423645
0.8666666746139526
0.9200000166893005
0.9130434989929199
0.9523809552192688
0.8965517282485962
0.8518518805503845
0.9166666865348816
0.8888888955116272
0.8799999952316284
0.9354838728904724
0.9210526347160339
0.875
0.875
0.84375
0.75
0.8421052694320679
0.9591836929321289
0.8095238208770752
0.9558823704719543
0.875
0.8500000238418579
0.875
0.8636363744735718
0.9545454382896423
0.9473684430122375
0.930232584476471
0.9736841917037964
0.9090909361839294
0.9555555582046509
0.8333333134651184
0.9130434989929199
0.9285714030265808
0.9200000166893005
0.9130434989929199
0.9166666865348816
0.9090909361839294
0.9130434989929199
0.9111111164093018
0.875
0.95652174949646
0.9130434989929199
0.8235294222831726
0.9354838728904724
0.9107142686843872
0.9047619104385376
0.9200000166893005
0.939393937587738
0.9622641801834106
0.8799999952316284
0.9285714030265808
0.9473684430122375
0.8888888955116272
0.8571428656578064
0.9538461565971375
0.8823529481887817
0.9156626462936401
0.7894737124443054
0.8965517282485962
0.8461538553237915
0.9813084006309509
0.936170220375061
0.9375
0.9622641801834106
0.9230769276618958
0.9117646813392639
0.8333333134651184
0.8787878751754761
0.8684210777282715
0.9230769276618958
0.9117646813392639
0.8999999761581421
0.9428571462631226
0.9130434989929199
0.953125
0.9459459185600281
0.9411764740943909
0.8399999737739563
0.9428571462631226
0.8999999761581421
0.9473684430122375
0.8125
0.9245283007621765
0.9130434989929199
0.8448275923728943
0.9428571462631226
0.9230769276618958
0.925000011920929
0.8999999761581421
0.7599999904632568
0.9487179517745972
0.8235294222831726
0.949999988079071
0.8620689511299133
0.8846153616905212
0.6666666865348816
0.9259259104728699
0.75
0.8823529481887817
0.8936170339584351
0.9444444179534912
0.9215686321258545
0.8888888955116272
0.9024389982223511
0.9727891087532043
0.9534883499145508
0.8488371968269348
0.9268292784690857
0.9639639854431152
0.9591836929321289
0.9333333373069763
0.9384615421295166
0.9473684430122375
0.9375
0.9444444179534912
0.8947368264198303
0.8913043737411499
0.9210526347160339
0.9438202381134033
0.8965517282485962
0.957446813583374
0.7333333492279053
0.9318181872367859
0.9259259104728699
0.9090909361839294
0.8695651888847351
0.8461538553237915
0.7058823704719543
0.875
0.9444444179534912
0.8846153616905212
0.9428571462631226
0.8399999737739563
0.8333333134651184
0.800000011920929
0.7333333492279053
0.9473684430122375
0.9375
0.9230769276618958
0.9466666579246521
0.8636363744735718
0.9375
0.9090909361839294
0.8999999761581421
0.9090909361839294
0.6666666865348816
0.8333333134651184
0.9285714030265808
0.7857142686843872
0.8260869383811951
0.9589040875434875
0.8823529481887817
0.8947368264198303
0.8387096524238586
0.8999999761581421
0.8571428656578064
0.8333333134651184
0.9411764740943909
0.8125
0.9661017060279846
0.9333333373069763
0.9026548862457275
0.9655172228813171
0.8962264060974121
0.9750000238418579
0.9448819160461426
0.9405940771102905
0.9246575236320496
0.9642857313156128
0.9152542352676392
0.8985507488250732
0.8666666746139526
0.9482758641242981
0.9275362491607666
0.9767441749572754
0.8646616339683533
0.942307710647583
0.9449541568756104
0.9104477763175964
0.9599999785423279
0.8600000143051147
0.84375
0.824999988079071
0.9270833134651184
0.800000011920929
0.875
0.9402984976768494
0.8913043737411499
0.8999999761581421
0.9420289993286133
0.8666666746139526
0.8333333134651184
0.8333333134651184
0.90625
0.9387755393981934
0.9117646813392639
0.8928571343421936
0.9411764740943909
0.925000011920929
0.8873239159584045
0.9130434989929199
0.8947368264198303
0.9259259104728699
0.8666666746139526
0.8837209343910217
0.9300000071525574
0.9130434989929199
0.800000011920929
0.9285714030265808
0.8888888955116272
0.8636363744735718
0.8461538553237915
0.9583333134651184
0.9729729890823364
0.8846153616905212
0.9375
0.9333333373069763
0.9433962106704712
0.8260869383811951
0.9166666865348816
0.9466666579246521
0.8235294222831726
0.9375
0.9375
0.925000011920929
0.875
0.9272727370262146
0.9459459185600281
0.9117646813392639
0.8947368264198303
0.9285714030265808
0.8260869383811951
0.9591836929321289
0.875
0.8947368264198303
0.7368420958518982
0.8965517282485962
0.7916666865348816
0.9090909361839294
0.8823529481887817
0.931034505367279
0.8888888955116272
0.8421052694320679
0.9259259104728699
0.774193525314331
0.9354838728904724
0.9152542352676392
0.9318181872367859
0.9318181872367859
0.9090909361839294
0.8999999761581421
0.8684210777282715
0.9090909361839294
0.8545454740524292
0.9024389982223511
0.8913043737411499
0.9402984976768494
0.800000011920929
0.8799999952316284
0.8888888955116272
0.8571428656578064
0.9375
0.8125
0.9200000166893005
0.9189189076423645
0.875
0.7777777910232544
0.9473684430122375
0.9259259104728699
0.9264705777168274
0.9534883499145508
0.9032257795333862
0.7804877758026123
0.9166666865348816
0.9285714030265808
0.9534883499145508
0.9130434989929199
0.9534883499145508
0.9285714030265808
0.8536585569381714
0.89552241563797
0.8260869383811951
0.8942307829856873
0.8947368264198303
0.8571428656578064
0.8695651888847351
0.75
0.9459459185600281
0.8823529481887817
0.8947368264198303
0.9444444179534912
0.9142857193946838
0.929411768913269
0.9558823704719543
0.8518518805503845
0.8333333134651184
0.875
0.8333333134651184
0.9090909361839294
0.8571428656578064
0.8554216623306274
0.7777777910232544
0.875
0.8709677457809448
0.8999999761581421
0.8421052694320679
0.6000000238418579
0.8181818127632141
0.9090909361839294
0.9347826242446899
0.9200000166893005
0.8461538553237915
0.9487179517745972
0.8965517282485962
0.8648648858070374
0.9166666865348816
0.8421052694320679
0.8333333134651184
0.9534883499145508
0.849056601524353
0.925000011920929
0.9142857193946838
0.9186992049217224
0.9166666865348816
0.9375
0.9473684430122375
0.9603960514068604
0.9818181991577148
0.9577465057373047
0.9047619104385376
0.8888888955116272
0.9090909361839294
0.8867924809455872
0.9436619877815247
0.9638554453849792
0.9594594836235046
0.9210526347160339
0.8898305296897888
0.8399999737739563
0.9454545378684998
0.9210526347160339
0.8571428656578064
0.925000011920929
0.8500000238418579
0.7692307829856873
0.8888888955116272
0.8421052694320679
0.9069767594337463
0.800000011920929
0.9130434989929199
0.8846153616905212
0.9230769276618958
0.8235294222831726
0.9189189076423645
0.8421052694320679
0.949999988079071
0.9347826242446899
0.695652186870575
0.9285714030265808
0.90625
0.8260869383811951
0.875
0.8372092843055725
0.699999988079071
0.8421052694320679
0.8333333134651184
0.8823529481887817
0.7222222089767456
0.7368420958518982
0.9117646813392639
0.8135592937469482
0.8064516186714172
0.925000011920929
0.9032257795333862
0.9012345671653748
0.9032257795333862
0.8484848737716675
0.9230769276618958
0.8039215803146362
0.8666666746139526
0.9583333134651184
0.9607843160629272
0.8142856955528259
0.8518518805503845
0.8888888955116272
0.8125
0.8518518805503845
0.6153846383094788
0.8181818127632141
0.9259259104728699
0.8979591727256775
0.9156626462936401
0.8064516186714172
0.8333333134651184
0.9354838728904724
0.8607594966888428
0.8148148059844971
0.9333333373069763
0.9620253443717957
0.9268292784690857
0.8260869383811951
0.7727272510528564
0.8648648858070374
0.8928571343421936
0.8461538553237915
0.8999999761581421
0.9090909361839294
0.8999999761581421
0.8333333134651184
0.8999999761581421
0.8823529481887817
0.84375
0.9166666865348816
0.8571428656578064
0.9344262480735779
0.9555555582046509
0.800000011920929
0.9047619104385376
0.8064516186714172
0.8484848737716675
0.90625
0.8799999952316284
0.7777777910232544
0.8571428656578064
0.8941176533699036
0.9428571462631226
0.9285714030265808
0.8852459192276001
0.8285714387893677
0.7777777910232544
0.9285714030265808
0.9375
0.9166666865348816
0.9358974099159241
0.9285714030265808
0.8500000238418579
0.949999988079071
0.8936170339584351
0.8500000238418579
0.7222222089767456
0.8709677457809448
0.9090909361839294
0.9333333373069763
0.9354838728904724
0.8235294222831726
0.9166666865348816
0.9411764740943909
0.8421052694320679
0.8181818127632141
0.7777777910232544
0.8947368264198303
0.9300000071525574
0.9166666865348816
0.9428571462631226
0.9491525292396545
0.939393937587738
0.8181818127632141
0.8979591727256775
0.7222222089767456
0.9152542352676392
0.6499999761581421
0.875
0.6666666865348816
0.7692307829856873
0.8461538553237915
0.9655172228813171
0.9666666388511658
0.78125
0.9047619104385376
0.9615384340286255
0.8823529481887817
0.8947368264198303
0.8666666746139526
0.9583333134651184
0.9347826242446899
0.9285714030265808
0.9090909361839294
0.8947368264198303
0.9591836929321289
0.9038461446762085
0.8604651093482971
0.8703703880310059
0.8372092843055725
0.918367326259613
0.9375
0.942307710647583
0.8666666746139526
0.9411764740943909
0.9130434989929199
0.9230769276618958
0.949999988079071
0.8571428656578064
0.9591836929321289
0.9473684430122375
0.9130434989929199
0.9347826242446899
0.9607843160629272
0.9019607901573181
0.914893627166748
0.8571428656578064
0.8823529481887817
0.9464285969734192
0.9399999976158142
0.9038461446762085
0.9038461446762085
0.6842105388641357
0.9111111164093018
0.8913043737411499
0.843137264251709
0.9583333134651184
0.9333333373069763
0.9387755393981934
0.8958333134651184
0.9615384340286255
0.9032257795333862
0.9784946441650391
0.95652174949646
0.970588207244873
0.9583333134651184
0.9624999761581421
0.9599999785423279
0.8979591727256775
0.9345794320106506
0.95652174949646
0.9382715821266174
0.9363636374473572
0.945652186870575
0.9468085169792175
0.9186046719551086
0.8867924809455872
0.9714285731315613
0.9285714030265808
0.9793814420700073
0.969072163105011
0.949999988079071
0.9180327653884888
0.9180327653884888
0.945652186870575
0.9545454382896423
0.9404761791229248
0.9710144996643066
0.9104477763175964
0.8620689511299133
0.8666666746139526
0.9375
0.9135802388191223
0.9595959782600403
0.9104477763175964
0.8958333134651184
0.9459459185600281
0.8095238208770752
0.954954981803894
0.9411764740943909
0.9259259104728699
0.9557521939277649
0.8629032373428345
0.8571428656578064
0.9200000166893005
0.957446813583374
0.9285714030265808
0.8235294222831726
0.9404761791229248
0.8888888955116272
0.9365079402923584
0.8857142925262451
0.875
0.9452054500579834
0.9375
0.8918918967247009
0.9701492786407471
0.9473684430122375
0.9411764740943909
0.9482758641242981
0.9444444179534912
0.9166666865348816
0.875
0.9506173133850098
0.9259259104728699
0.8571428656578064
0.8461538553237915
0.9375
0.9259259104728699
0.8421052694320679
0.8823529481887817
0.9756097793579102
0.875
0.9090909361839294
0.875
0.7692307829856873
0.9428571462631226
0.8571428656578064
0.9230769276618958
0.800000011920929
0.8461538553237915
0.7222222089767456
0.8666666746139526
0.9200000166893005
0.9473684430122375
0.9642857313156128
0.949999988079071
0.9599999785423279
0.8260869383811951
0.953125
0.9591836929321289
0.9354838728904724
0.8888888955116272
0.8947368264198303
0.9024389982223511
0.7647058963775635
0.9516128897666931
0.9047619104385376
0.8666666746139526
0.9399999976158142
0.9512194991111755
0.9512194991111755
0.9655172228813171
0.8636363744735718
0.9375
0.949999988079071
0.75
0.9473684430122375
0.8888888955116272
0.9523809552192688
0.8666666746139526
0.8125
0.8421052694320679
0.8333333134651184
0.949999988079071
0.8461538553237915
0.9259259104728699
0.9692307710647583
0.8888888955116272
0.9193548560142517
0.9285714030265808
0.9189189076423645
0.8717948794364929
0.9195402264595032
0.90625
0.9516128897666931
0.939130425453186
0.9384615421295166
0.8909090757369995
0.8979591727256775
0.8888888955116272
0.8142856955528259
0.6499999761581421
0.8285714387893677
0.5333333611488342
0.9333333373069763
0.8977272510528564
0.8684210777282715
0.8799999952316284
0.9285714030265808
0.9016393423080444
0.925000011920929
0.8536585569381714
0.9347826242446899
0.9333333373069763
0.9661017060279846
0.7222222089767456
0.8222222328186035
0.8888888955116272
0.8636363744735718
0.9444444179534912
0.8863636255264282
0.8181818127632141
0.9032257795333862
0.8717948794364929
0.9375
0.949999988079071
0.800000011920929
0.9399999976158142
0.8461538553237915
0.9452054500579834
0.89552241563797
0.9743589758872986
0.9268292784690857
0.9523809552192688
0.9027777910232544
0.9477611780166626
0.9027777910232544
0.8571428656578064
0.8999999761581421
0.9056603908538818
0.9146341681480408
0.9210526347160339
0.8510638475418091
0.84375
0.9259259104728699
0.9107142686843872
0.9444444179534912
0.9180327653884888
0.9444444179534912
0.9444444179534912
0.9354838728904724
0.921875
0.8695651888847351
0.9375
0.9230769276618958
0.95652174949646
0.8666666746139526
0.8421052694320679
0.9111111164093018
0.8888888955116272
0.8863636255264282
0.9512194991111755
0.9200000166893005
0.9387755393981934
0.9622641801834106
0.9130434989929199
0.8636363744735718
0.875
0.8947368264198303
0.8863636255264282
0.8823529481887817
0.9047619104385376
0.8529411554336548
0.9607843160629272
0.8125
0.9756097793579102
0.9583333134651184
0.9578947424888611
0.9354838728904724
0.8571428656578064
0.8421052694320679
0.9354838728904724
0.925000011920929
0.9473684430122375
0.9130434989929199
0.800000011920929
0.9512194991111755
0.8787878751754761
0.8695651888847351
0.9736841917037964
0.7857142686843872
0.9245283007621765
0.8888888955116272
0.9682539701461792
0.8787878751754761
0.9318181872367859
0.9459459185600281
0.8214285969734192
0.9516128897666931
0.9746835231781006
0.9295774698257446
0.9634146094322205
0.96875
0.9541984796524048
0.9344262480735779
0.9607843160629272
0.9534883499145508
0.9607843160629272
0.9444444179534912
0.9523809552192688
0.800000011920929
0.9753086566925049
0.8695651888847351
0.9473684430122375
0.8571428656578064
0.9375
0.8999999761581421
0.8571428656578064
0.8999999761581421
0.8666666746139526
0.90625
0.9523809552192688
0.8888888955116272
0.8666666746139526
0.8653846383094788
0.9117646813392639
0.8999999761581421
0.9358974099159241
0.8928571343421936
0.800000011920929
0.8529411554336548
0.9350649118423462
0.8627451062202454
0.9038461446762085
0.8125
0.9375
0.8857142925262451
0.7368420958518982
0.8235294222831726
0.9692307710647583
0.843137264251709
0.9512194991111755
0.8399999737739563
0.9636363387107849
0.9166666865348816
0.9318181872367859
0.8799999952316284
0.9285714030265808
0.9142857193946838
0.8260869383811951
0.800000011920929
0.7058823704719543
0.9333333373069763
0.9375
0.9032257795333862
0.8888888955116272
0.949999988079071
0.8695651888847351
0.761904776096344
0.8936170339584351
0.8999999761581421
0.8360655903816223
0.9666666388511658
0.8399999737739563
0.9390243887901306
0.9230769276618958
0.9444444179534912
0.8999999761581421
0.875
0.9166666865348816
0.9473684430122375
0.8571428656578064
0.8421052694320679
0.800000011920929
0.9230769276618958
0.9375
0.9285714030265808
0.8620689511299133
0.8823529481887817
0.9459459185600281
0.9142857193946838
0.8636363744735718
0.9375
0.8571428656578064
0.9032257795333862
0.9487179517745972
0.9090909361839294
0.8910890817642212
0.8823529481887817
0.9200000166893005
0.9629629850387573
0.9354838728904724
0.9245283007621765
0.9365079402923584
0.9047619104385376
0.8620689511299133
0.8666666746139526
0.8947368264198303
0.9333333373069763
0.7222222089767456
0.8666666746139526
0.807692289352417
0.8484848737716675
0.6842105388641357
0.8333333134651184
0.6896551847457886
0.8461538553237915
0.8823529481887817
0.875
0.800000011920929
0.6428571343421936
0.8461538553237915
0.8727272748947144
0.8888888955116272
0.9428571462631226
0.7272727489471436
0.8064516186714172
0.8571428656578064
0.8918918967247009
0.9090909361839294
0.9104477763175964
0.7714285850524902
0.7878788113594055
0.8571428656578064
0.8857142925262451
0.8823529481887817
0.8888888955116272
0.7222222089767456
0.8636363744735718
0.8888888955116272
0.8958333134651184
0.8999999761581421
0.8064516186714172
0.8666666746139526
0.930232584476471
0.8518518805503845
0.8484848737716675
0.8936170339584351
0.9418604373931885
0.9038461446762085
0.8799999952316284
0.8235294222831726
0.837837815284729
0.8999999761581421
0.6363636255264282
0.7692307829856873
0.8736842274665833
0.8913043737411499
0.75
0.7931034564971924
0.8846153616905212
0.8648648858070374
0.7599999904632568
0.9354838728904724
0.8478260636329651
0.7777777910232544
0.8235294222831726
0.9047619104385376
0.8481012582778931
0.8181818127632141
0.7575757503509521
0.8518518805503845
0.9090909361839294
0.8999999761581421
0.8947368264198303
0.8947368264198303
0.8823529481887817
0.7037037014961243
0.75
0.9047619104385376
0.6896551847457886
0.9277108311653137
0.9538461565971375
0.9245283007621765
0.931034505367279
0.8695651888847351
0.7777777910232544
0.9523809552192688
0.9479166865348816
0.8709677457809448
0.8444444537162781
0.8958333134651184
0.8974359035491943
0.8461538553237915
0.8399999737739563
0.875
0.9038461446762085
0.800000011920929
0.9428571462631226
0.8571428656578064
0.78125
0.9344262480735779
0.939393937587738
0.931034505367279
0.9387755393981934
0.8333333134651184
0.800000011920929
0.9047619104385376
0.9333333373069763
0.8695651888847351
0.931034505367279
0.9032257795333862
0.9516128897666931
0.9268292784690857
0.8823529481887817
0.8695651888847351
0.8615384697914124
0.7777777910232544
0.9024389982223511
0.9090909361839294
0.8285714387893677
0.8928571343421936
0.875
0.9402984976768494
0.9142857193946838
0.9696969985961914
0.699999988079071
0.8999999761581421
0.7692307829856873
0.9677419066429138
0.939393937587738
0.9333333373069763
0.9512194991111755
0.8999999761581421
0.9512194991111755
0.843137264251709
0.8125
0.90625
0.9230769276618958
0.957446813583374
0.9420289993286133
0.9596773982048035
0.9357798099517822
0.9324324131011963
0.9682539701461792
0.9411764740943909
0.8888888955116272
0.9259259104728699
0.9056603908538818
0.9285714030265808
0.9285714030265808
0.9390243887901306
0.8823529481887817
