0.5625
0.7777777910232544
0.6666666865348816
0.6190476417541504
0.3333333432674408
0.5249999761581421
0.6176470518112183
0.7560975551605225
0.7457627058029175
0.4878048896789551
0.692307710647583
0.6571428775787354
0.8947368264198303
0.6486486196517944
0.46666666865348816
0.7200000286102295
0.6521739363670349
0.738095223903656
0.6896551847457886
0.6296296119689941
0.6666666865348816
0.3888888955116272
0.5199999809265137
0.7419354915618896
0.8157894611358643
0.8333333134651184
0.7250000238418579
0.625
0.5
0.5789473652839661
0.8163265585899353
0.6190476417541504
0.7941176295280457
0.625
0.6000000238418579
0.59375
0.5909090638160706
0.7727272510528564
0.7631579041481018
0.604651153087616
0.6052631735801697
0.5
0.6888889074325562
0.75
0.5652173757553101
0.6785714030265808
0.6000000238418579
0.5652173757553101
0.6388888955116272
0.4545454680919647
0.739130437374115
0.6222222447395325
0.625
0.717391312122345
0.6521739363670349
0.5
0.4193548262119293
0.5714285969734192
0.8095238208770752
0.800000011920929
0.6060606241226196
0.7924528121948242
0.7200000286102295
0.7857142686843872
0.6666666865348816
0.5555555820465088
0.5714285969734192
0.6615384817123413
0.47058823704719543
0.6265060305595398
0.42105263471603394
0.6896551847457886
0.6153846383094788
0.6355140209197998
0.5744680762290955
0.65625
0.5849056839942932
0.6153846383094788
0.5
0.5
0.6969696879386902
0.6578947305679321
0.6153846383094788
0.529411792755127
0.8500000238418579
0.7428571581840515
0.6521739363670349
0.6875
0.8108108043670654
0.5882353186607361
0.5600000023841858
0.7142857313156128
0.6000000238418579
0.7017543911933899
0.5
0.7358490824699402
0.782608687877655
0.517241358757019
0.6285714507102966
0.692307710647583
0.75
0.550000011920929
0.6399999856948853
0.4871794879436493
0.529411792755127
0.6000000238418579
0.4482758641242981
0.6538461446762085
0.5
0.5555555820465088
0.4166666567325592
0.47058823704719543
0.7872340679168701
0.6777777671813965
0.7450980544090271
0.7333333492279053
0.707317054271698
0.7687074542045593
0.6511628031730652
0.5116279125213623
0.7317073345184326
0.7297297120094299
0.7346938848495483
0.75
0.6769230961799622
0.7142857313156128
0.8125
0.6296296119689941
0.7631579041481018
0.5869565010070801
0.8157894611358643
0.5730336904525757
0.5517241358757019
0.8510638475418091
0.4000000059604645
0.8409090638160706
0.7037037014961243
0.6818181872367859
0.6086956262588501
0.692307710647583
0.529411792755127
0.4583333432674408
0.7222222089767456
0.5384615659713745
0.48571428656578064
0.7599999904632568
0.6111111044883728
0.4000000059604645
0.6666666865348816
0.5789473652839661
0.6875
0.807692289352417
0.6666666865348816
0.4545454680919647
0.6875
0.6363636255264282
0.4000000059604645
0.5909090638160706
0.5555555820465088
0.6666666865348816
0.75
0.6428571343421936
0.43478259444236755
0.6712328791618347
0.5882353186607361
0.5789473652839661
0.7096773982048035
0.6666666865348816
0.6071428656578064
0.7222222089767456
0.529411792755127
0.4375
0.5593220591545105
0.7333333492279053
0.5929203629493713
0.7413793206214905
0.5849056839942932
0.675000011920929
0.6456692814826965
0.6732673048973083
0.5958904027938843
0.6071428656578064
0.6271186470985413
0.6086956262588501
0.5333333611488342
0.6034482717514038
0.7246376872062683
0.6511628031730652
0.5714285969734192
0.6442307829856873
0.6880733966827393
0.5671641826629639
0.6800000071525574
0.6800000071525574
0.59375
0.550000011920929
0.65625
0.550000011920929
0.75
0.7164179086685181
0.6521739363670349
0.5666666626930237
0.5797101259231567
0.699999988079071
0.6000000238418579
0.5555555820465088
0.90625
0.7346938848495483
0.6176470518112183
0.6071428656578064
0.686274528503418
0.6000000238418579
0.6619718074798584
0.782608687877655
0.5263158082962036
0.6296296119689941
0.6000000238418579
0.604651153087616
0.7400000095367432
0.8695651888847351
0.3333333432674408
0.7142857313156128
0.5925925970077515
0.6363636255264282
0.6153846383094788
0.6527777910232544
0.6216216087341309
0.6153846383094788
0.7291666865348816
0.7777777910232544
0.7358490824699402
0.52173912525177
0.7083333134651184
0.746666669845581
0.7058823704719543
0.84375
0.75
0.675000011920929
0.75
0.800000011920929
0.6756756901741028
0.5882353186607361
0.6842105388641357
0.6071428656578064
0.5652173757553101
0.7755101919174194
0.625
0.7894737124443054
0.5789473652839661
0.7241379022598267
0.5
0.7727272510528564
0.7058823704719543
0.7758620977401733
0.6111111044883728
0.5789473652839661
0.6666666865348816
0.4838709533214569
0.5483871102333069
0.6440678238868713
0.7045454382896423
0.5227272510528564
0.5909090638160706
0.5666666626930237
0.5263158082962036
0.6969696879386902
0.6909090876579285
0.4390243887901306
0.45652174949645996
0.6268656849861145
0.6666666865348816
0.6399999856948853
0.7777777910232544
0.5714285969734192
0.65625
0.46875
0.7599999904632568
0.5135135054588318
0.59375
0.6666666865348816
0.7894737124443054
0.5555555820465088
0.6764705777168274
0.6744186282157898
0.6451612710952759
0.4878048896789551
0.6944444179534912
0.5952380895614624
0.7209302186965942
0.54347825050354
0.6744186282157898
0.6071428656578064
0.6829268336296082
0.641791045665741
0.5869565010070801
0.692307710647583
0.5789473652839661
0.6857143044471741
0.43478259444236755
0.5
0.662162184715271
0.7647058963775635
0.6842105388641357
0.7222222089767456
0.7428571581840515
0.6235294342041016
0.7647058963775635
0.6666666865348816
0.5
0.6875
0.5
0.5151515007019043
0.5428571701049805
0.6265060305595398
0.6388888955116272
0.7916666865348816
0.5806451439857483
0.8333333134651184
0.5263158082962036
0.46666666865348816
0.5909090638160706
0.5909090638160706
0.5652173757553101
0.5600000023841858
0.7179487347602844
0.5641025900840759
0.7241379022598267
0.6216216087341309
0.5
0.7368420958518982
0.5833333134651184
0.8372092843055725
0.5094339847564697
0.7749999761581421
0.6285714507102966
0.6016260385513306
0.6309523582458496
0.6875
0.6842105388641357
0.6732673048973083
0.7272727489471436
0.6338028311729431
0.761904776096344
0.6000000238418579
0.5681818127632141
0.6415094137191772
0.6338028311729431
0.6144578456878662
0.7027027010917664
0.5394737124443054
0.6440678238868713
0.5199999809265137
0.8363636136054993
0.6052631735801697
0.5714285969734192
0.6000000238418579
0.550000011920929
0.4615384638309479
0.7777777910232544
0.6842105388641357
0.6511628031730652
0.6000000238418579
0.717391312122345
0.692307710647583
0.48076921701431274
0.4117647111415863
0.6756756901741028
0.6315789222717285
0.625
0.5652173757553101
0.52173912525177
0.6607142686843872
0.71875
0.52173912525177
0.7083333134651184
0.4883720874786377
0.699999988079071
0.6315789222717285
0.6111111044883728
0.8235294222831726
0.2777777910232544
0.31578946113586426
0.5882353186607361
0.5593220591545105
0.6774193644523621
0.550000011920929
0.4838709533214569
0.48148149251937866
0.6774193644523621
0.5454545617103577
0.6538461446762085
0.45098039507865906
0.6333333253860474
0.5208333134651184
0.6078431606292725
0.4000000059604645
0.4444444477558136
0.6111111044883728
0.625
0.5555555820465088
0.38461539149284363
0.3181818127632141
0.5925925970077515
0.5714285969734192
0.5662650465965271
0.4677419364452362
0.7222222089767456
0.5161290168762207
0.607594907283783
0.5925925970077515
0.46666666865348816
0.5822784900665283
0.6341463327407837
0.43478259444236755
0.5454545617103577
0.5675675868988037
0.5357142686843872
0.43589743971824646
0.6000000238418579
0.5909090638160706
0.42500001192092896
0.5277777910232544
0.625
0.7058823704719543
0.625
0.5277777910232544
0.6428571343421936
0.5737704634666443
0.6000000238418579
0.4000000059604645
0.523809552192688
0.5483871102333069
0.6666666865348816
0.53125
0.5199999809265137
0.5185185074806213
0.5571428537368774
0.4941176474094391
0.6285714507102966
0.5714285969734192
0.5901639461517334
0.6000000238418579
0.6666666865348816
0.4841269850730896
0.4791666567325592
0.5
0.5512820482254028
0.6666666865348816
0.550000011920929
0.6000000238418579
0.5744680762290955
0.44999998807907104
0.5
0.5806451439857483
0.5454545617103577
0.800000011920929
0.6451612710952759
0.7647058963775635
0.75
0.5882353186607361
0.6315789222717285
0.27272728085517883
0.3333333432674408
0.6052631735801697
0.6499999761581421
0.5277777910232544
0.5428571701049805
0.6186440587043762
0.6363636255264282
0.8181818127632141
0.5918367505073547
0.5555555820465088
0.6440678238868713
0.3499999940395355
0.7083333134651184
0.4444444477558136
0.6153846383094788
0.692307710647583
0.4655172526836395
0.5166666507720947
0.46875
0.4761904776096344
0.5961538553237915
0.6764705777168274
0.7368420958518982
0.5
0.7083333134651184
0.47826087474823
0.6326530575752258
0.5
0.6315789222717285
0.5714285969734192
0.6730769276618958
0.5116279125213623
0.5925925970077515
0.6279069781303406
0.5918367505073547
0.5833333134651184
0.6730769276618958
0.4444444477558136
0.6274510025978088
0.6739130616188049
0.6538461446762085
0.699999988079071
0.5142857432365417
0.4693877696990967
0.6140350699424744
0.5
0.695652186870575
0.6666666865348816
0.6470588445663452
0.6170212626457214
0.5510203838348389
0.4901960790157318
0.6964285969734192
0.6000000238418579
0.5384615659713745
0.6538461446762085
0.5263158082962036
0.6000000238418579
0.5869565010070801
0.6470588445663452
0.6666666865348816
0.6222222447395325
0.6734693646430969
0.5
0.5961538553237915
0.6129032373428345
0.7526881694793701
0.804347813129425
0.7058823704719543
0.6916666626930237
0.7250000238418579
0.6600000262260437
0.7142857313156128
0.672897219657898
0.7043478488922119
0.5925925970077515
0.699999988079071
0.5978260636329651
0.6595744490623474
0.6744186282157898
0.5660377144813538
0.6095238327980042
0.6428571343421936
0.6494845151901245
0.6597937941551208
0.5799999833106995
0.6721311211585999
0.5573770403862
0.6413043737411499
0.5303030014038086
0.6666666865348816
0.6086956262588501
0.38805970549583435
0.7241379022598267
0.5333333611488342
0.71875
0.5308641791343689
0.5959596037864685
0.6865671873092651
0.7083333134651184
0.7432432174682617
0.6666666865348816
0.6396396160125732
0.6274510025978088
0.5925925970077515
0.6814159154891968
0.5322580933570862
0.8571428656578064
0.7599999904632568
0.8085106611251831
0.7321428656578064
0.8823529481887817
0.8214285969734192
0.6666666865348816
0.7142857313156128
0.6571428775787354
0.675000011920929
0.6712328791618347
0.78125
0.6216216087341309
0.8656716346740723
0.7719298005104065
0.7843137383460999
0.7068965435028076
0.6111111044883728
0.5555555820465088
0.625
0.7654321193695068
0.8148148059844971
0.6666666865348816
0.3076923191547394
0.5416666865348816
0.7037037014961243
0.5263158082962036
0.7058823704719543
0.792682945728302
0.5
0.6363636255264282
0.75
0.5384615659713745
0.7142857313156128
0.6190476417541504
0.5769230723381042
0.800000011920929
0.6153846383094788
0.5
0.6333333253860474
0.6000000238418579
0.7719298005104065
0.6964285969734192
0.699999988079071
0.7200000286102295
0.782608687877655
0.78125
0.7551020383834839
0.774193525314331
0.6666666865348816
0.7368420958518982
0.6097561120986938
0.7058823704719543
0.8064516186714172
0.6190476417541504
0.7333333492279053
0.6800000071525574
0.8292682766914368
0.6829268336296082
0.7931034564971924
0.7045454382896423
0.65625
0.7749999761581421
0.625
0.6842105388641357
0.7777777910232544
0.7857142686843872
0.5333333611488342
0.8125
0.5263158082962036
0.75
0.7833333611488342
0.6153846383094788
0.7777777910232544
0.7846153974533081
0.5555555820465088
0.6290322542190552
0.5714285969734192
0.6216216087341309
0.5897436141967773
0.6781609058380127
0.703125
0.5967742204666138
0.6695652008056641
0.6769230961799622
0.581818163394928
0.5918367505073547
0.5185185074806213
0.5285714268684387
0.75
0.4285714328289032
0.4000000059604645
0.7222222089767456
0.5568181872367859
0.3684210479259491
0.5199999809265137
0.5857142806053162
0.7213114500045776
0.625
0.4878048896789551
0.5869565010070801
0.6666666865348816
0.5677965879440308
0.5
0.6222222447395325
0.5925925970077515
0.5681818127632141
0.5833333134651184
0.4545454680919647
0.5757575631141663
0.6129032373428345
0.5384615659713745
0.59375
0.5
0.44999998807907104
0.6800000071525574
0.4423076808452606
0.6575342416763306
0.6865671873092651
0.6068376302719116
0.6463414430618286
0.682539701461792
0.5138888955116272
0.7164179086685181
0.6666666865348816
0.7142857313156128
0.550000011920929
0.5471698045730591
0.6341463327407837
0.6315789222717285
0.4680851101875305
0.5
0.46296295523643494
0.7321428656578064
0.5925925970077515
0.7213114500045776
0.7222222089767456
0.7777777910232544
0.8387096524238586
0.6875
0.695652186870575
0.6875
0.8846153616905212
0.760869562625885
0.6333333253860474
0.6842105388641357
0.6000000238418579
0.5
0.6136363744735718
0.5609756112098694
0.6200000047683716
0.6938775777816772
0.7547169923782349
0.6521739363670349
0.7727272510528564
0.875
0.6315789222717285
0.5227272510528564
0.4117647111415863
0.7142857313156128
0.7352941036224365
0.6666666865348816
0.4375
0.6707317233085632
0.7013888955116272
0.7263157963752747
0.6774193644523621
0.6190476417541504
0.5789473652839661
0.8064516186714172
0.824999988079071
0.6578947305679321
0.782608687877655
0.44999998807907104
0.8780487775802612
0.5757575631141663
0.6521739363670349
0.6578947305679321
0.5714285969734192
0.7547169923782349
0.5925925970077515
0.8095238208770752
0.5454545617103577
0.5909090638160706
0.6756756901741028
0.6785714030265808
0.6612903475761414
0.7594936490058899
0.6197183132171631
0.6341463327407837
0.609375
0.6870229244232178
0.7377049326896667
0.6274510025978088
0.8139534592628479
0.8823529481887817
0.7592592835426331
0.6666666865348816
0.6499999761581421
0.6913580298423767
0.695652186870575
0.7719298005104065
0.7142857313156128
0.90625
0.75
0.6428571343421936
0.5333333611488342
0.6666666865348816
0.65625
0.6428571343421936
0.2777777910232544
0.4000000059604645
0.6346153616905212
0.7058823704719543
0.6000000238418579
0.6794871687889099
0.6428571343421936
0.6499999761581421
0.529411792755127
0.7272727489471436
0.686274528503418
0.7307692170143127
0.625
0.65625
0.800000011920929
0.4736842215061188
0.5882353186607361
0.7846153974533081
0.45098039507865906
0.8048780560493469
0.6399999856948853
0.800000011920929
0.5833333134651184
0.7045454382896423
0.6399999856948853
0.7142857313156128
0.7714285850524902
0.739130437374115
0.800000011920929
0.47058823704719543
0.7333333492279053
0.78125
0.4838709533214569
0.7777777910232544
0.6833333373069763
0.695652186870575
0.3333333432674408
0.6595744490623474
0.8333333134651184
0.6065573692321777
0.6833333373069763
0.6399999856948853
0.7195122241973877
0.7307692170143127
0.6111111044883728
0.7250000238418579
0.625
0.7083333134651184
0.8157894611358643
0.523809552192688
0.6315789222717285
0.6000000238418579
0.7435897588729858
0.78125
0.6071428656578064
0.5517241358757019
0.6470588445663452
0.8108108043670654
0.6571428775787354
0.7727272510528564
0.625
0.6000000238418579
0.9032257795333862
0.7179487347602844
0.75
0.6534653306007385
0.7352941036224365
0.47999998927116394
0.7592592835426331
0.7419354915618896
0.7735849022865295
0.6507936716079712
0.7142857313156128
0.6551724076271057
0.800000011920929
0.7368420958518982
0.6333333253860474
0.6666666865348816
0.5666666626930237
0.42307692766189575
0.6666666865348816
0.42105263471603394
0.5666666626930237
0.4482758641242981
0.3076923191547394
0.6470588445663452
0.4749999940395355
0.699999988079071
0.3571428656578064
0.5384615659713745
0.6545454263687134
0.5
0.6285714507102966
0.3636363744735718
0.29032257199287415
0.6666666865348816
0.6216216087341309
0.5636363625526428
0.5373134613037109
0.4571428596973419
0.3333333432674408
0.5
0.4761904776096344
0.7058823704719543
0.4444444477558136
0.5
0.5909090638160706
0.5
0.5208333134651184
0.550000011920929
0.6451612710952759
0.4000000059604645
0.5813953280448914
0.5555555820465088
0.4848484992980957
0.5531914830207825
0.569767415523529
0.5769230723381042
0.5600000023841858
0.529411792755127
0.45945945382118225
0.5249999761581421
0.40909090638160706
0.23076923191547394
0.5368421077728271
0.52173912525177
0.6666666865348816
0.4482758641242981
0.42307692766189575
0.5135135054588318
0.4000000059604645
0.6451612710952759
0.54347825050354
0.4444444477558136
0.6470588445663452
0.4761904776096344
0.49367088079452515
0.6969696879386902
0.5151515007019043
0.5925925970077515
0.5151515007019043
0.44999998807907104
0.5263158082962036
0.3947368562221527
0.5588235259056091
0.37037035822868347
0.4375
0.5714285969734192
0.3103448152542114
0.5421686768531799
0.6153846383094788
0.5471698045730591
0.48275861144065857
0.6739130616188049
0.5
0.6190476417541504
0.65625
0.5806451439857483
0.5333333611488342
0.4375
0.6153846383094788
0.4871794879436493
0.36000001430511475
0.625
0.557692289352417
0.550000011920929
0.7428571581840515
0.6428571343421936
0.515625
0.5409836173057556
0.6060606241226196
0.5517241358757019
0.5102040767669678
0.5833333134651184
0.7333333492279053
0.5
0.7333333492279053
0.43478259444236755
0.5517241358757019
0.5322580933570862
0.8548387289047241
0.5609756112098694
0.529411792755127
0.30434781312942505
0.6307692527770996
0.6666666865348816
0.6097561120986938
0.8181818127632141
0.48571428656578064
0.4642857015132904
0.3333333432674408
0.6268656849861145
0.6000000238418579
0.6212121248245239
0.4000000059604645
0.5
0.3076923191547394
0.5483871102333069
0.4848484992980957
0.6000000238418579
0.6341463327407837
0.6000000238418579
0.7317073345184326
0.47058823704719543
0.625
0.59375
0.7692307829856873
0.6968085169792175
0.7246376872062683
0.7661290168762207
0.5871559381484985
0.6216216087341309
0.7301587462425232
0.5441176295280457
0.6296296119689941
0.6666666865348816
0.5660377144813538
0.6071428656578064
0.75
0.6341463327407837
0.529411792755127
