0.9583333134651184
0.9555555582046509
0.9444444179534912
0.9047619104385376
0.8666666746139526
0.949999988079071
0.9411764740943909
0.9512194991111755
0.9661017060279846
0.9512194991111755
0.9487179517745972
0.9428571462631226
0.8947368264198303
0.9459459185600281
0.9333333373069763
0.9200000166893005
0.9130434989929199
0.9523809552192688
0.931034505367279
0.9259259104728699
0.9444444179534912
0.8888888955116272
0.9200000166893005
0.9354838728904724
0.9473684430122375
0.9166666865348816
0.949999988079071
0.9375
0.9166666865348816
0.8947368264198303
0.9591836929321289
0.9047619104385376
0.970588207244873
0.875
0.8999999761581421
0.9375
0.9090909361839294
0.9545454382896423
0.9473684430122375
0.9534883499145508
0.9736841917037964
0.9090909361839294
0.9555555582046509
0.8333333134651184
0.9130434989929199
0.9285714030265808
0.9200000166893005
0.9130434989929199
0.9444444179534912
0.939393937587738
0.9130434989929199
0.9555555582046509
0.9583333134651184
0.95652174949646
0.9130434989929199
0.9411764740943909
0.9354838728904724
0.9642857313156128
0.9047619104385376
0.9200000166893005
0.939393937587738
0.9622641801834106
0.9200000166893005
0.9285714030265808
0.9649122953414917
0.8888888955116272
0.9428571462631226
0.9692307710647583
0.9411764740943909
0.9759036302566528
0.8947368264198303
0.931034505367279
0.9230769276618958
0.9813084006309509
0.957446813583374
0.9375
0.9622641801834106
0.9230769276618958
0.9411764740943909
0.9166666865348816
0.939393937587738
0.9473684430122375
0.9230769276618958
0.9411764740943909
0.8999999761581421
0.9428571462631226
0.9130434989929199
0.96875
0.9459459185600281
0.9411764740943909
0.9200000166893005
0.9428571462631226
0.9599999785423279
0.9649122953414917
0.875
0.9622641801834106
0.9130434989929199
0.9655172228813171
0.9428571462631226
0.9230769276618958
0.949999988079071
0.8999999761581421
0.9200000166893005
0.9487179517745972
0.8823529481887817
0.9666666388511658
0.931034505367279
0.9230769276618958
0.8888888955116272
0.9259259104728699
0.8333333134651184
0.9411764740943909
0.957446813583374
0.9777777791023254
0.9607843160629272
0.9555555582046509
0.9512194991111755
0.9863945841789246
0.9534883499145508
0.9767441749572754
0.9512194991111755
0.9819819927215576
0.9591836929321289
0.9666666388511658
0.9692307710647583
0.9849624037742615
0.9583333134651184
0.9629629850387573
0.9473684430122375
0.95652174949646
0.9473684430122375
0.9775280952453613
0.931034505367279
0.957446813583374
0.8666666746139526
0.9545454382896423
0.9629629850387573
0.9090909361839294
0.9130434989929199
0.9230769276618958
0.8823529481887817
0.9166666865348816
0.9444444179534912
0.9230769276618958
0.9428571462631226
0.9200000166893005
0.8888888955116272
0.8999999761581421
0.8666666746139526
0.9473684430122375
0.9375
0.9230769276618958
0.9733333587646484
0.9090909361839294
0.9375
0.9090909361839294
0.8999999761581421
0.9090909361839294
0.7777777910232544
0.8333333134651184
0.9285714030265808
0.9285714030265808
0.9130434989929199
0.9726027250289917
0.8823529481887817
0.8947368264198303
0.9354838728904724
0.9333333373069763
0.9285714030265808
0.9444444179534912
0.9411764740943909
0.9375
0.9661017060279846
0.9555555582046509
0.982300877571106
0.9655172228813171
0.9811320900917053
0.9750000238418579
0.9842519760131836
0.9801980257034302
0.9863013625144958
0.9642857313156128
0.9661017060279846
0.9710144996643066
0.9333333373069763
0.9655172228813171
0.9710144996643066
0.9767441749572754
0.9849624037742615
0.9807692170143127
0.9816513657569885
0.9701492786407471
0.9599999785423279
0.9599999785423279
0.96875
0.949999988079071
0.9791666865348816
0.8999999761581421
0.9166666865348816
0.9701492786407471
0.95652174949646
0.9333333373069763
0.9710144996643066
0.9333333373069763
0.9333333373069763
0.8888888955116272
0.9375
0.9591836929321289
0.9411764740943909
0.9285714030265808
0.9607843160629272
0.949999988079071
0.9718309640884399
0.95652174949646
0.9473684430122375
0.9259259104728699
0.8666666746139526
0.9534883499145508
0.9800000190734863
0.9130434989929199
0.8666666746139526
0.9285714030265808
0.9259259104728699
0.9090909361839294
0.9230769276618958
0.9722222089767456
0.9729729890823364
0.9230769276618958
0.9583333134651184
0.9555555582046509
0.9622641801834106
0.9130434989929199
0.9166666865348816
0.9733333587646484
0.8823529481887817
0.9375
0.9375
0.949999988079071
0.949999988079071
0.9636363387107849
0.9459459185600281
0.9411764740943909
0.9473684430122375
0.9285714030265808
0.9130434989929199
0.9591836929321289
0.875
0.8947368264198303
0.8947368264198303
0.931034505367279
0.9166666865348816
0.9090909361839294
0.8823529481887817
0.9655172228813171
0.8888888955116272
0.8947368264198303
0.9629629850387573
0.9354838728904724
0.9354838728904724
0.9661017060279846
0.9545454382896423
0.9545454382896423
0.9090909361839294
0.9333333373069763
0.9473684430122375
0.939393937587738
0.9636363387107849
0.9512194991111755
0.95652174949646
0.9701492786407471
0.8666666746139526
0.9200000166893005
0.9259259104728699
0.8571428656578064
0.9375
0.9375
0.9200000166893005
0.9459459185600281
0.9375
0.8888888955116272
0.9473684430122375
0.9259259104728699
0.970588207244873
0.9767441749572754
0.9354838728904724
0.9512194991111755
0.9444444179534912
0.9523809552192688
0.9534883499145508
0.95652174949646
0.9534883499145508
0.9642857313156128
0.9512194991111755
0.9701492786407471
0.95652174949646
0.9807692170143127
0.9649122953414917
0.9428571462631226
0.95652174949646
0.875
0.9729729890823364
0.8823529481887817
0.8947368264198303
0.9629629850387573
0.9428571462631226
0.9764705896377563
0.970588207244873
0.9259259104728699
0.8333333134651184
0.9583333134651184
0.8888888955116272
0.939393937587738
0.9428571462631226
0.9759036302566528
0.9444444179534912
0.9166666865348816
0.9354838728904724
0.9333333373069763
0.8947368264198303
0.8666666746139526
0.9090909361839294
0.9090909361839294
0.95652174949646
0.9200000166893005
0.9487179517745972
0.9487179517745972
0.931034505367279
0.9459459185600281
0.9166666865348816
0.8947368264198303
0.8333333134651184
0.9534883499145508
0.9622641801834106
0.949999988079071
0.9428571462631226
0.9837398529052734
0.976190447807312
0.9375
0.9473684430122375
0.9801980257034302
0.9818181991577148
0.98591548204422
0.9523809552192688
0.9555555582046509
0.9545454382896423
0.9622641801834106
0.9718309640884399
0.9759036302566528
0.9729729890823364
0.9736841917037964
0.9830508232116699
0.9200000166893005
0.9636363387107849
0.9473684430122375
0.9523809552192688
0.949999988079071
0.949999988079071
0.8461538553237915
0.9259259104728699
0.8947368264198303
0.9534883499145508
0.800000011920929
0.95652174949646
0.9230769276618958
0.9615384340286255
0.8823529481887817
0.9459459185600281
0.8947368264198303
0.949999988079071
0.95652174949646
0.9130434989929199
0.9642857313156128
0.9375
0.9130434989929199
0.9166666865348816
0.9534883499145508
0.8999999761581421
0.8947368264198303
0.8888888955116272
0.8823529481887817
0.8888888955116272
0.8947368264198303
0.9411764740943909
0.9661017060279846
0.9354838728904724
0.9750000238418579
0.9354838728904724
0.9753086566925049
0.9354838728904724
0.939393937587738
0.9230769276618958
0.9607843160629272
0.9333333373069763
0.9791666865348816
0.9607843160629272
0.9714285731315613
0.9753086566925049
0.8888888955116272
0.9375
0.9259259104728699
0.8461538553237915
0.9090909361839294
0.9259259104728699
0.9591836929321289
0.9759036302566528
0.9677419066429138
0.8888888955116272
0.9354838728904724
0.9746835231781006
0.9259259104728699
0.9555555582046509
0.9746835231781006
0.9512194991111755
0.9130434989929199
0.9090909361839294
0.9459459185600281
0.9642857313156128
0.9487179517745972
0.8999999761581421
0.9090909361839294
0.949999988079071
0.9722222089767456
0.949999988079071
0.8823529481887817
0.9375
0.9722222089767456
0.8571428656578064
0.9672130942344666
0.9555555582046509
0.8666666746139526
0.9523809552192688
0.9354838728904724
0.939393937587738
0.9375
0.9200000166893005
0.9259259104728699
0.9714285731315613
0.9764705896377563
0.9428571462631226
0.9523809552192688
0.9672130942344666
0.9428571462631226
0.7777777910232544
0.9841269850730896
0.9583333134651184
0.9444444179534912
0.9743589758872986
0.9523809552192688
0.8999999761581421
0.949999988079071
0.957446813583374
0.8999999761581421
0.8888888955116272
0.9354838728904724
0.9090909361839294
0.9333333373069763
0.9354838728904724
0.8823529481887817
0.9166666865348816
0.970588207244873
0.8947368264198303
0.8181818127632141
0.7777777910232544
0.9473684430122375
0.9800000190734863
0.9444444179534912
0.9428571462631226
0.9830508232116699
0.939393937587738
0.8181818127632141
0.9591836929321289
0.8888888955116272
0.9661017060279846
0.8999999761581421
0.9166666865348816
0.7777777910232544
0.8461538553237915
0.8461538553237915
0.9655172228813171
0.9666666388511658
0.9375
0.9047619104385376
0.9615384340286255
0.9411764740943909
0.8947368264198303
0.9333333373069763
0.9722222089767456
0.95652174949646
0.9795918464660645
0.9090909361839294
0.9473684430122375
0.9591836929321289
0.9615384340286255
0.9534883499145508
0.9629629850387573
0.9534883499145508
0.9591836929321289
0.9583333134651184
0.9615384340286255
0.9555555582046509
0.9607843160629272
0.95652174949646
0.9615384340286255
0.9666666388511658
0.9809523820877075
0.9591836929321289
0.9649122953414917
0.95652174949646
0.95652174949646
0.9607843160629272
0.9607843160629272
0.957446813583374
0.9591836929321289
0.9607843160629272
0.9642857313156128
0.9599999785423279
0.9615384340286255
0.9615384340286255
0.8947368264198303
0.9555555582046509
0.95652174949646
0.9607843160629272
0.9583333134651184
0.9555555582046509
0.9591836929321289
0.9583333134651184
0.9615384340286255
0.9784946441650391
0.9784946441650391
0.95652174949646
0.970588207244873
0.9833333492279053
0.9750000238418579
0.9800000190734863
0.9591836929321289
0.9813084006309509
0.9826086759567261
0.9753086566925049
0.9818181991577148
0.97826087474823
0.978723406791687
0.9767441749572754
0.9622641801834106
0.9809523820877075
0.9642857313156128
0.9793814420700073
0.9793814420700073
0.9800000190734863
0.9672130942344666
0.9672130942344666
0.97826087474823
0.9696969985961914
0.976190447807312
0.9710144996643066
0.9701492786407471
0.931034505367279
0.9333333373069763
0.9375
0.9753086566925049
0.9797979593276978
0.9701492786407471
0.9583333134651184
0.9729729890823364
0.9523809552192688
0.9819819927215576
0.9607843160629272
0.9259259104728699
0.982300877571106
0.9838709831237793
0.8571428656578064
0.9200000166893005
0.957446813583374
0.9642857313156128
0.8823529481887817
0.976190447807312
0.9444444179534912
0.9682539701461792
0.9428571462631226
0.949999988079071
0.9726027250289917
0.9375
0.9459459185600281
0.9701492786407471
0.9649122953414917
0.9607843160629272
0.9655172228813171
0.9444444179534912
0.9444444179534912
0.875
0.9753086566925049
0.9259259104728699
0.9047619104385376
0.8461538553237915
0.9583333134651184
0.9259259104728699
0.8947368264198303
0.8823529481887817
0.9756097793579102
0.875
0.9090909361839294
0.875
0.8461538553237915
0.9428571462631226
0.9047619104385376
0.9230769276618958
0.800000011920929
0.8461538553237915
0.8888888955116272
0.9333333373069763
0.9200000166893005
0.9649122953414917
0.9642857313156128
0.949999988079071
0.9599999785423279
0.9130434989929199
0.96875
0.9591836929321289
0.9354838728904724
0.8888888955116272
0.8947368264198303
0.9512194991111755
0.8823529481887817
0.9677419066429138
0.9047619104385376
0.8666666746139526
0.9599999785423279
0.9512194991111755
0.9512194991111755
0.9655172228813171
0.9545454382896423
0.9375
0.949999988079071
0.75
0.9473684430122375
0.8888888955116272
0.9523809552192688
0.8666666746139526
0.875
0.8947368264198303
0.8333333134651184
0.9666666388511658
0.8461538553237915
0.9259259104728699
0.9692307710647583
0.8888888955116272
0.9677419066429138
0.9642857313156128
0.9459459185600281
0.9487179517745972
0.977011501789093
0.96875
0.9677419066429138
0.9826086759567261
0.9692307710647583
0.9636363387107849
0.9591836929321289
0.9259259104728699
0.9714285731315613
0.8999999761581421
0.9428571462631226
0.8666666746139526
0.9777777791023254
0.9772727489471436
0.9473684430122375
0.9200000166893005
0.9714285731315613
0.9672130942344666
0.9750000238418579
0.9512194991111755
0.95652174949646
0.9333333373069763
0.9830508232116699
0.8888888955116272
0.9555555582046509
0.9259259104728699
0.9848484992980957
0.9444444179534912
0.9545454382896423
0.939393937587738
0.9354838728904724
0.9487179517745972
0.9375
0.949999988079071
0.8999999761581421
0.9599999785423279
0.9615384340286255
0.9726027250289917
0.9701492786407471
0.9829059839248657
0.9756097793579102
0.9682539701461792
0.9722222089767456
0.9850746393203735
0.9722222089767456
0.8571428656578064
0.8999999761581421
0.9622641801834106
0.9756097793579102
0.9473684430122375
0.957446813583374
0.96875
0.9629629850387573
0.9642857313156128
0.9629629850387573
0.9672130942344666
0.9629629850387573
0.9444444179534912
0.9354838728904724
0.96875
0.9130434989929199
0.9375
0.9230769276618958
0.95652174949646
0.9333333373069763
0.8947368264198303
0.9555555582046509
0.8888888955116272
0.9545454382896423
0.9512194991111755
0.9599999785423279
0.9591836929321289
0.9622641801834106
0.9130434989929199
0.9090909361839294
0.875
0.8947368264198303
0.9545454382896423
0.8823529481887817
0.9047619104385376
0.9411764740943909
0.9607843160629272
0.875
0.9756097793579102
0.9861111044883728
0.9789473414421082
0.9354838728904724
0.9047619104385376
0.8947368264198303
0.9354838728904724
0.949999988079071
0.9473684430122375
0.9130434989929199
0.8999999761581421
0.9512194991111755
0.939393937587738
0.9130434989929199
0.9736841917037964
0.8571428656578064
0.9622641801834106
0.9259259104728699
0.9682539701461792
0.939393937587738
0.9545454382896423
0.9459459185600281
0.9285714030265808
0.9677419066429138
0.9746835231781006
0.9718309640884399
0.9756097793579102
0.96875
0.9847328066825867
0.9672130942344666
0.9607843160629272
0.9534883499145508
0.9607843160629272
0.9629629850387573
0.9523809552192688
0.8999999761581421
0.9753086566925049
0.9130434989929199
0.9649122953414917
0.9047619104385376
0.9375
0.8999999761581421
0.8571428656578064
0.9333333373069763
0.8666666746139526
0.9375
0.9523809552192688
0.8888888955116272
0.8666666746139526
0.9615384340286255
0.9411764740943909
0.8999999761581421
0.9743589758872986
0.9285714030265808
0.8999999761581421
0.9411764740943909
0.9740259647369385
0.9607843160629272
0.9615384340286255
0.875
0.9375
0.9428571462631226
0.8947368264198303
0.8823529481887817
0.9692307710647583
0.9607843160629272
0.9512194991111755
0.9200000166893005
0.9636363387107849
0.9166666865348816
0.9545454382896423
0.9200000166893005
0.9285714030265808
0.9428571462631226
0.9130434989929199
0.8666666746139526
0.8823529481887817
0.9333333373069763
0.9375
0.9354838728904724
0.9259259104728699
0.9666666388511658
0.9130434989929199
0.9047619104385376
0.957446813583374
0.9333333373069763
0.9672130942344666
0.9666666388511658
0.9200000166893005
0.9756097793579102
0.9230769276618958
0.9444444179534912
0.949999988079071
0.875
0.9166666865348816
0.9473684430122375
0.9047619104385376
0.8947368264198303
0.8666666746139526
0.9487179517745972
0.96875
0.9285714030265808
0.931034505367279
0.8823529481887817
0.9459459185600281
0.9428571462631226
0.9090909361839294
0.9583333134651184
0.9428571462631226
0.9354838728904724
0.9487179517745972
0.9545454382896423
0.9801980257034302
0.9411764740943909
0.9200000166893005
0.9629629850387573
0.9354838728904724
0.9622641801834106
0.9682539701461792
0.9047619104385376
0.931034505367279
0.8666666746139526
0.8947368264198303
0.9333333373069763
0.8888888955116272
0.9333333373069763
0.9230769276618958
0.939393937587738
0.8947368264198303
0.9333333373069763
0.931034505367279
0.8461538553237915
0.9411764740943909
0.949999988079071
0.800000011920929
0.8571428656578064
0.9230769276618958
0.9636363387107849
0.9629629850387573
0.9428571462631226
0.8636363744735718
0.9354838728904724
0.9047619104385376
0.9459459185600281
0.9636363387107849
0.9701492786407471
0.9428571462631226
0.939393937587738
0.8571428656578064
0.9809523820877075
0.8823529481887817
0.8888888955116272
0.8888888955116272
0.9090909361839294
0.9444444179534912
0.9583333134651184
0.8999999761581421
0.9354838728904724
0.8666666746139526
0.9534883499145508
0.9629629850387573
0.939393937587738
0.957446813583374
0.9767441749572754
0.9615384340286255
0.9200000166893005
0.9411764740943909
0.9459459185600281
0.949999988079071
0.9090909361839294
0.8461538553237915
0.9789473414421082
0.95652174949646
0.8333333134651184
0.931034505367279
0.9230769276618958
0.9459459185600281
0.9200000166893005
0.9354838728904724
0.95652174949646
0.7777777910232544
0.8823529481887817
0.9047619104385376
0.9746835231781006
0.939393937587738
0.939393937587738
0.9259259104728699
0.9090909361839294
0.8999999761581421
0.8947368264198303
0.9473684430122375
0.9411764740943909
0.9259259104728699
0.875
0.9047619104385376
0.931034505367279
0.9759036302566528
0.9692307710647583
0.9622641801834106
0.9655172228813171
0.95652174949646
0.8888888955116272
0.9523809552192688
0.9791666865348816
0.9354838728904724
0.9555555582046509
0.9583333134651184
0.9487179517745972
0.9743589758872986
0.9200000166893005
0.875
0.9615384340286255
0.8999999761581421
0.9428571462631226
0.8571428656578064
0.96875
0.9672130942344666
0.939393937587738
0.931034505367279
0.9591836929321289
0.8333333134651184
0.8666666746139526
0.9523809552192688
0.9333333373069763
0.9130434989929199
0.931034505367279
0.9677419066429138
0.9677419066429138
0.9512194991111755
0.8823529481887817
0.9130434989929199
0.9692307710647583
0.7777777910232544
0.9512194991111755
0.9090909361839294
0.9428571462631226
0.9642857313156128
0.9166666865348816
0.9701492786407471
0.9428571462631226
0.9696969985961914
0.800000011920929
0.949999988079071
0.8461538553237915
0.9784946441650391
0.939393937587738
0.9333333373069763
0.9512194991111755
0.9333333373069763
0.9512194991111755
0.9607843160629272
0.875
0.96875
0.9615384340286255
1.0
0.9710144996643066
0.9838709831237793
0.9816513657569885
0.9729729890823364
0.9682539701461792
0.970588207244873
0.9259259104728699
0.9259259104728699
0.9622641801834106
0.9285714030265808
0.9642857313156128
0.9756097793579102
0.8823529481887817
