0.6875
0.8666666746139526
0.6388888955116272
0.761904776096344
0.7333333492279053
0.7250000238418579
0.7941176295280457
0.8292682766914368
0.7627118825912476
0.707317054271698
0.7948718070983887
0.7428571581840515
0.8947368264198303
0.8108108043670654
0.5333333611488342
0.7599999904632568
0.782608687877655
0.8333333134651184
0.7586206793785095
0.8518518805503845
0.7777777910232544
0.7777777910232544
0.7200000286102295
0.8064516186714172
0.9210526347160339
0.75
0.75
0.625
0.5416666865348816
0.6315789222717285
0.8367347121238708
0.6666666865348816
0.8823529481887817
0.8125
0.6499999761581421
0.71875
0.6818181872367859
0.75
0.6842105388641357
0.7209302186965942
0.7631579041481018
0.7727272510528564
0.7777777910232544
0.75
0.6521739363670349
0.7142857313156128
0.6000000238418579
0.739130437374115
0.6944444179534912
0.6060606241226196
0.8695651888847351
0.7111111283302307
0.7083333134651184
0.760869562625885
0.739130437374115
0.6176470518112183
0.5806451439857483
0.6785714030265808
0.8571428656578064
0.7599999904632568
0.7272727489471436
0.9245283007621765
0.6800000071525574
0.75
0.7368420958518982
0.6111111044883728
0.7142857313156128
0.7692307829856873
0.529411792755127
0.7349397540092468
0.4736842215061188
0.7931034564971924
0.5769230723381042
0.7009345889091492
0.7021276354789734
0.84375
0.7169811129570007
0.6538461446762085
0.6764705777168274
0.75
0.5757575631141663
0.7105262875556946
0.7307692170143127
0.7058823704719543
0.8999999761581421
0.7714285850524902
0.8260869383811951
0.71875
0.8108108043670654
0.8823529481887817
0.5600000023841858
0.8571428656578064
0.6800000071525574
0.8245614171028137
0.6875
0.8301886916160583
0.8695651888847351
0.6551724076271057
0.7428571581840515
0.8846153616905212
0.824999988079071
0.75
0.5600000023841858
0.7948718070983887
0.529411792755127
0.7333333492279053
0.517241358757019
0.807692289352417
0.5555555820465088
0.6296296119689941
0.4166666567325592
0.7058823704719543
0.8723404407501221
0.7777777910232544
0.8627451062202454
0.7777777910232544
0.7804877758026123
0.8435373902320862
0.8139534592628479
0.7441860437393188
0.8292682766914368
0.8018018007278442
0.7346938848495483
0.8166666626930237
0.7692307829856873
0.8120300769805908
0.8541666865348816
0.7407407164573669
0.7894737124443054
0.739130437374115
0.8947368264198303
0.7191011309623718
0.7586206793785095
0.914893627166748
0.6000000238418579
0.9090909361839294
0.6851851940155029
0.8181818127632141
0.6521739363670349
0.7307692170143127
0.5882353186607361
0.625
0.8611111044883728
0.692307710647583
0.5142857432365417
0.800000011920929
0.6666666865348816
0.699999988079071
0.46666666865348816
0.8947368264198303
0.71875
0.8846153616905212
0.8533333539962769
0.6363636255264282
0.78125
0.7727272510528564
0.550000011920929
0.5909090638160706
0.5555555820465088
0.75
0.7857142686843872
0.6428571343421936
0.739130437374115
0.7123287916183472
0.8823529481887817
0.7894737124443054
0.774193525314331
0.8333333134651184
0.6785714030265808
0.7222222089767456
0.7058823704719543
0.59375
0.7118644118309021
0.7777777910232544
0.6902654767036438
0.8275862336158752
0.6698113083839417
0.7875000238418579
0.7165354490280151
0.8118811845779419
0.6849315166473389
0.8214285969734192
0.7627118825912476
0.7971014380455017
0.5
0.8448275923728943
0.8260869383811951
0.7209302186965942
0.6390977501869202
0.75
0.8623853325843811
0.7014925479888916
0.7400000095367432
0.6800000071525574
0.671875
0.6499999761581421
0.7916666865348816
0.6499999761581421
0.6666666865348816
0.746268630027771
0.717391312122345
0.6666666865348816
0.6811594367027283
0.800000011920929
0.7333333492279053
0.6666666865348816
0.90625
0.8163265585899353
0.6176470518112183
0.8571428656578064
0.7843137383460999
0.6499999761581421
0.7887324094772339
0.804347813129425
0.6052631735801697
0.7037037014961243
0.800000011920929
0.7674418687820435
0.8199999928474426
0.8695651888847351
0.6000000238418579
0.8214285969734192
0.5555555820465088
0.7727272510528564
0.6153846383094788
0.7361111044883728
0.7837837934494019
0.6538461446762085
0.8541666865348816
0.7777777910232544
0.8867924809455872
0.739130437374115
0.6666666865348816
0.8533333539962769
0.7058823704719543
0.875
0.75
0.800000011920929
0.7250000238418579
0.8545454740524292
0.7567567825317383
0.7352941036224365
0.7894737124443054
0.7857142686843872
0.6086956262588501
0.8775510191917419
0.6875
0.7894737124443054
0.5789473652839661
0.8275862336158752
0.75
0.8636363744735718
0.7058823704719543
0.8448275923728943
0.6666666865348816
0.7894737124443054
0.7777777910232544
0.5161290168762207
0.7419354915618896
0.7457627058029175
0.75
0.6363636255264282
0.6363636255264282
0.8333333134651184
0.7368420958518982
0.7272727489471436
0.7454545497894287
0.6829268336296082
0.739130437374115
0.7910447716712952
0.6666666865348816
0.8399999737739563
0.8148148059844971
0.7857142686843872
0.75
0.5625
0.8399999737739563
0.6756756901741028
0.71875
0.6666666865348816
0.8421052694320679
0.5925925970077515
0.75
0.7325581312179565
0.8064516186714172
0.46341463923454285
0.75
0.7142857313156128
0.7441860437393188
0.6086956262588501
0.6744186282157898
0.8392857313156128
0.7317073345184326
0.7014925479888916
0.6739130616188049
0.7596153616905212
0.6491228342056274
0.7142857313156128
0.5
0.75
0.7972972989082336
0.8235294222831726
0.7894737124443054
0.8148148059844971
0.800000011920929
0.7176470756530762
0.779411792755127
0.7407407164573669
0.4166666567325592
0.7916666865348816
0.7222222089767456
0.5454545617103577
0.6285714507102966
0.6867470145225525
0.6388888955116272
0.7916666865348816
0.7419354915618896
0.8666666746139526
0.4736842215061188
0.5333333611488342
0.6363636255264282
0.8181818127632141
0.804347813129425
0.800000011920929
0.7179487347602844
0.7948718070983887
0.8275862336158752
0.6216216087341309
0.6666666865348816
0.7894737124443054
0.75
0.930232584476471
0.698113203048706
0.8500000238418579
0.7142857313156128
0.7398374080657959
0.7023809552192688
0.8125
0.7368420958518982
0.7227723002433777
0.8090909123420715
0.7957746386528015
0.738095223903656
0.6222222447395325
0.6363636255264282
0.7358490824699402
0.6760563254356384
0.7108433842658997
0.8243243098258972
0.6973684430122375
0.7033898234367371
0.6399999856948853
0.8545454740524292
0.7894737124443054
0.6428571343421936
0.675000011920929
0.6499999761581421
0.4615384638309479
0.8148148059844971
0.7894737124443054
0.7906976938247681
0.800000011920929
0.760869562625885
0.807692289352417
0.6346153616905212
0.5882353186607361
0.7297297120094299
0.7894737124443054
0.800000011920929
0.6304348111152649
0.6086956262588501
0.8035714030265808
0.65625
0.6521739363670349
0.5833333134651184
0.604651153087616
0.6000000238418579
0.6315789222717285
0.5555555820465088
0.8235294222831726
0.3333333432674408
0.42105263471603394
0.6764705777168274
0.5254237055778503
0.6129032373428345
0.625
0.6451612710952759
0.6419752836227417
0.6774193644523621
0.5454545617103577
0.692307710647583
0.5490196347236633
0.6666666865348816
0.6458333134651184
0.8235294222831726
0.5571428537368774
0.5432098507881165
0.6111111044883728
0.625
0.5555555820465088
0.3076923191547394
0.3636363744735718
0.5925925970077515
0.6938775777816772
0.6144578456878662
0.4838709533214569
0.8333333134651184
0.5806451439857483
0.6202531456947327
0.5925925970077515
0.5777778029441833
0.7215189933776855
0.707317054271698
0.6086956262588501
0.5454545617103577
0.6486486196517944
0.5714285969734192
0.5128205418586731
0.6000000238418579
0.5909090638160706
0.6499999761581421
0.6388888955116272
0.675000011920929
0.7647058963775635
0.625
0.6666666865348816
0.6428571343421936
0.6229507923126221
0.7111111283302307
0.4000000059604645
0.6904761791229248
0.4516128897666931
0.7575757503509521
0.5625
0.6000000238418579
0.5555555820465088
0.5714285969734192
0.5647059082984924
0.6857143044471741
0.6190476417541504
0.6393442749977112
0.5714285969734192
0.6666666865348816
0.5873016119003296
0.6041666865348816
0.7222222089767456
0.6410256624221802
0.6428571343421936
0.75
0.699999988079071
0.6595744490623474
0.550000011920929
0.4444444477558136
0.7096773982048035
0.6363636255264282
0.8333333134651184
0.7419354915618896
0.6470588445663452
0.7916666865348816
0.6323529481887817
0.6842105388641357
0.27272728085517883
0.4444444477558136
0.6578947305679321
0.7099999785423279
0.6944444179534912
0.6571428775787354
0.6864407062530518
0.6666666865348816
0.7272727489471436
0.6938775777816772
0.6111111044883728
0.6779661178588867
0.4000000059604645
0.75
0.5555555820465088
0.5384615659713745
0.692307710647583
0.6724137663841248
0.7166666388511658
0.59375
0.7142857313156128
0.7692307829856873
0.7058823704719543
0.6315789222717285
0.46666666865348816
0.7916666865348816
0.6521739363670349
0.7448979616165161
0.7272727489471436
0.7105262875556946
0.6326530575752258
0.6538461446762085
0.604651153087616
0.5555555820465088
0.6511628031730652
0.7142857313156128
0.7291666865348816
0.7115384340286255
0.5777778029441833
0.8235294222831726
0.782608687877655
0.6730769276618958
0.800000011920929
0.6761904954910278
0.7142857313156128
0.7017543911933899
0.6086956262588501
0.804347813129425
0.8235294222831726
0.686274528503418
0.7446808218955994
0.6938775777816772
0.6274510025978088
0.6964285969734192
0.7400000095367432
0.692307710647583
0.75
0.5263158082962036
0.7111111283302307
0.695652186870575
0.7450980544090271
0.8125
0.800000011920929
0.8571428656578064
0.6666666865348816
0.6346153616905212
0.7096773982048035
0.8709677457809448
0.8260869383811951
0.8088235259056091
0.8166666626930237
0.8500000238418579
0.8299999833106995
0.6938775777816772
0.7943925261497498
0.834782600402832
0.7407407164573669
0.8545454740524292
0.77173912525177
0.7340425252914429
0.7558139562606812
0.6037735939025879
0.7428571581840515
0.7142857313156128
0.7319587469100952
0.8144329786300659
0.6899999976158142
0.7049180269241333
0.5409836173057556
0.717391312122345
0.7121211886405945
0.8095238208770752
0.6811594367027283
0.641791045665741
0.7586206793785095
0.6333333253860474
0.75
0.6913580298423767
0.7070707082748413
0.7014925479888916
0.7291666865348816
0.7432432174682617
0.7142857313156128
0.7837837934494019
0.8039215803146362
0.6296296119689941
0.8141592741012573
0.6854838728904724
0.8571428656578064
0.8399999737739563
0.8723404407501221
0.7321428656578064
0.8823529481887817
0.8333333134651184
0.6944444179534912
0.7936508059501648
0.800000011920929
0.7749999761581421
0.7945205569267273
0.8125
0.837837815284729
0.9104477763175964
0.8070175647735596
0.843137264251709
0.7068965435028076
0.75
0.6388888955116272
0.5625
0.8271604776382446
0.8148148059844971
0.7142857313156128
0.38461539149284363
0.7708333134651184
0.7407407164573669
0.6842105388641357
0.7647058963775635
0.8902438879013062
0.6875
0.6818181872367859
0.6875
0.7692307829856873
0.8571428656578064
0.6190476417541504
0.692307710647583
0.699999988079071
0.6153846383094788
0.7222222089767456
0.6666666865348816
0.7599999904632568
0.8421052694320679
0.8214285969734192
0.800000011920929
0.8799999952316284
0.8260869383811951
0.796875
0.8163265585899353
0.8387096524238586
0.7222222089767456
0.8421052694320679
0.7317073345184326
0.7647058963775635
0.8064516186714172
0.8571428656578064
0.7333333492279053
0.8399999737739563
0.8536585569381714
0.8780487775802612
0.8448275923728943
0.7272727489471436
0.78125
0.824999988079071
0.625
0.8684210777282715
0.8333333134651184
0.8333333134651184
0.46666666865348816
0.875
0.7368420958518982
0.75
0.8500000238418579
0.6153846383094788
0.8148148059844971
0.892307698726654
0.7222222089767456
0.7419354915618896
0.6071428656578064
0.7297297120094299
0.7179487347602844
0.7471264600753784
0.75
0.6774193644523621
0.730434775352478
0.800000011920929
0.6545454263687134
0.6734693646430969
0.5185185074806213
0.5857142806053162
0.6000000238418579
0.7428571581840515
0.5333333611488342
0.7444444298744202
0.6022727489471436
0.42105263471603394
0.6800000071525574
0.6428571343421936
0.7540983557701111
0.6625000238418579
0.6829268336296082
0.695652186870575
0.7333333492279053
0.6864407062530518
0.6111111044883728
0.5777778029441833
0.7407407164573669
0.6363636255264282
0.7777777910232544
0.5454545617103577
0.6969696879386902
0.6774193644523621
0.6410256624221802
0.65625
0.6000000238418579
0.699999988079071
0.6800000071525574
0.6153846383094788
0.6849315166473389
0.7164179086685181
0.7606837749481201
0.7317073345184326
0.8095238208770752
0.6527777910232544
0.7686567306518555
0.7638888955116272
0.7857142686843872
0.75
0.4528301954269409
0.6951219439506531
0.6578947305679321
0.5319148898124695
0.59375
0.6111111044883728
0.7678571343421936
0.7777777910232544
0.8360655903816223
0.8148148059844971
0.75
0.8709677457809448
0.796875
0.8695651888847351
0.625
0.9230769276618958
0.8695651888847351
0.7666666507720947
0.7894737124443054
0.7111111283302307
0.5
0.7272727489471436
0.6829268336296082
0.7599999904632568
0.8163265585899353
0.849056601524353
0.782608687877655
0.7272727489471436
0.75
0.7368420958518982
0.6136363744735718
0.6470588445663452
0.761904776096344
0.7647058963775635
0.843137264251709
0.625
0.9024389982223511
0.875
0.8105263113975525
0.7419354915618896
0.7142857313156128
0.7368420958518982
0.8064516186714172
0.7749999761581421
0.6315789222717285
0.8695651888847351
0.6499999761581421
0.9512194991111755
0.6060606241226196
0.695652186870575
0.7368420958518982
0.5
0.849056601524353
0.5925925970077515
0.8888888955116272
0.6666666865348816
0.6363636255264282
0.8648648858070374
0.6071428656578064
0.725806474685669
0.8101266026496887
0.7887324094772339
0.7560975551605225
0.78125
0.7938931584358215
0.8032786846160889
0.8235294222831726
0.9069767594337463
0.8823529481887817
0.8148148059844971
0.8095238208770752
0.800000011920929
0.8395061492919922
0.782608687877655
0.8771929740905762
0.8095238208770752
0.875
0.800000011920929
0.7857142686843872
0.699999988079071
0.800000011920929
0.875
0.7142857313156128
0.5
0.6666666865348816
0.7115384340286255
0.8235294222831726
0.699999988079071
0.7051281929016113
0.7142857313156128
0.75
0.5588235259056091
0.8051947951316833
0.7254902124404907
0.807692289352417
0.75
0.65625
0.800000011920929
0.4736842215061188
0.5882353186607361
0.8153846263885498
0.686274528503418
0.8536585569381714
0.5199999809265137
0.800000011920929
0.7916666865348816
0.7954545617103577
0.7599999904632568
0.8214285969734192
0.7714285850524902
0.782608687877655
0.800000011920929
0.529411792755127
0.8333333134651184
0.8125
0.6774193644523621
0.8148148059844971
0.7666666507720947
0.782608687877655
0.380952388048172
0.7446808218955994
0.800000011920929
0.6229507923126221
0.8500000238418579
0.6399999856948853
0.8048780560493469
0.8461538553237915
0.8333333134651184
0.824999988079071
0.75
0.75
0.8684210777282715
0.8095238208770752
0.6315789222717285
0.6666666865348816
0.8205128312110901
0.8125
0.8214285969734192
0.6896551847457886
0.7058823704719543
0.837837815284729
0.800000011920929
0.7727272510528564
0.7708333134651184
0.8285714387893677
0.9032257795333862
0.692307710647583
0.8409090638160706
0.7425742745399475
0.7058823704719543
0.6000000238418579
0.9074074029922485
0.8709677457809448
0.8679245114326477
0.7936508059501648
0.8095238208770752
0.8275862336158752
0.800000011920929
0.7368420958518982
0.5666666626930237
0.6666666865348816
0.6666666865348816
0.5
0.7575757503509521
0.4736842215061188
0.7666666507720947
0.48275861144065857
0.4615384638309479
0.7352941036224365
0.550000011920929
0.800000011920929
0.4285714328289032
0.6153846383094788
0.7636363506317139
0.6666666865348816
0.6857143044471741
0.5
0.4193548262119293
0.7142857313156128
0.6486486196517944
0.6727272868156433
0.611940324306488
0.4571428596973419
0.42424243688583374
0.6428571343421936
0.6476190686225891
0.7058823704719543
0.5555555820465088
0.5555555820465088
0.5909090638160706
0.5277777910232544
0.6041666865348816
0.550000011920929
0.6129032373428345
0.4000000059604645
0.7441860437393188
0.5925925970077515
0.5151515007019043
0.5744680762290955
0.8372092843055725
0.5
0.5199999809265137
0.5882353186607361
0.5945945978164673
0.574999988079071
0.3636363744735718
0.6153846383094788
0.5263158082962036
0.6739130616188049
0.6666666865348816
0.4137931168079376
0.5384615659713745
0.5135135054588318
0.4000000059604645
0.8064516186714172
0.52173912525177
0.5555555820465088
0.6470588445663452
0.523809552192688
0.5569620132446289
0.8787878751754761
0.5454545617103577
0.6666666865348816
0.5757575631141663
0.699999988079071
0.6842105388641357
0.4736842215061188
0.6176470518112183
0.48148149251937866
0.75
0.4285714328289032
0.517241358757019
0.6867470145225525
0.7076923251152039
0.6415094137191772
0.6034482717514038
0.739130437374115
0.5555555820465088
0.738095223903656
0.6041666865348816
0.4838709533214569
0.6666666865348816
0.4583333432674408
0.692307710647583
0.5128205418586731
0.3199999928474426
0.5
0.7115384340286255
0.699999988079071
0.7428571581840515
0.5714285969734192
0.546875
0.5901639461517334
0.6666666865348816
0.6206896305084229
0.6122449040412903
0.75
0.6666666865348816
0.7142857313156128
0.800000011920929
0.47826087474823
0.6551724076271057
0.6774193644523621
0.9032257795333862
0.5609756112098694
0.5882353186607361
0.52173912525177
0.692307710647583
0.5555555820465088
0.6585366129875183
0.8181818127632141
0.5428571701049805
0.5535714030265808
0.5
0.746268630027771
0.7714285850524902
0.7424242496490479
0.4000000059604645
0.675000011920929
0.4615384638309479
0.7634408473968506
0.5151515007019043
0.699999988079071
0.707317054271698
0.8666666746139526
0.8048780560493469
0.7058823704719543
0.875
0.734375
0.7884615659713745
0.75
0.782608687877655
0.8467742204666138
0.7614678740501404
0.6891891956329346
0.8571428656578064
0.720588207244873
0.7037037014961243
0.7037037014961243
0.6603773832321167
0.75
0.7678571343421936
0.7682926654815674
0.5882353186607361
