0.7291666865348816
0.9333333373069763
0.7777777910232544
0.9047619104385376
0.7333333492279053
0.7250000238418579
0.8235294222831726
0.8292682766914368
0.8474576473236084
0.8780487775802612
0.7948718070983887
0.800000011920929
0.8947368264198303
0.837837815284729
0.7666666507720947
0.800000011920929
0.8260869383811951
0.8809523582458496
0.8275862336158752
0.7037037014961243
0.75
0.7777777910232544
0.800000011920929
0.7419354915618896
0.9210526347160339
0.7916666865348816
0.7749999761581421
0.625
0.7083333134651184
0.8421052694320679
0.8775510191917419
0.6666666865348816
0.9117646813392639
0.75
0.699999988079071
0.8125
0.6818181872367859
0.8409090638160706
0.8684210777282715
0.7906976938247681
0.8289473652839661
0.7727272510528564
0.7555555701255798
0.8333333134651184
0.739130437374115
0.8571428656578064
0.6800000071525574
0.782608687877655
0.7222222089767456
0.5757575631141663
0.8260869383811951
0.7333333492279053
0.75
0.804347813129425
0.8260869383811951
0.7941176295280457
0.6774193644523621
0.75
0.9047619104385376
0.8399999737739563
0.8787878751754761
0.9245283007621765
0.8399999737739563
0.8928571343421936
0.8070175647735596
0.8888888955116272
0.7714285850524902
0.8769230842590332
0.5588235259056091
0.7469879388809204
0.7368420958518982
0.8275862336158752
0.7307692170143127
0.7289719581604004
0.7659574747085571
0.875
0.849056601524353
0.6538461446762085
0.6764705777168274
0.75
0.6969696879386902
0.8157894611358643
0.8846153616905212
0.7941176295280457
0.8500000238418579
0.9142857193946838
0.695652186870575
0.78125
0.8648648858070374
0.8823529481887817
0.7599999904632568
0.8571428656578064
0.7400000095367432
0.8421052694320679
0.75
0.8679245114326477
0.8695651888847351
0.6551724076271057
0.8571428656578064
0.8846153616905212
0.8999999761581421
0.550000011920929
0.7200000286102295
0.7692307829856873
0.7058823704719543
0.75
0.517241358757019
0.692307710647583
0.5555555820465088
0.8148148059844971
0.4166666567325592
0.8235294222831726
0.8723404407501221
0.8999999761581421
0.8823529481887817
0.7333333492279053
0.8292682766914368
0.8911564350128174
0.8372092843055725
0.7558139562606812
0.8292682766914368
0.8468468189239502
0.7551020383834839
0.8500000238418579
0.8769230842590332
0.8571428656578064
0.875
0.7407407164573669
0.8684210777282715
0.695652186870575
0.9473684430122375
0.7640449404716492
0.7931034564971924
0.914893627166748
0.5333333611488342
0.9090909361839294
0.7777777910232544
0.8636363744735718
0.8260869383811951
0.7692307829856873
0.7058823704719543
0.7083333134651184
0.8611111044883728
0.7692307829856873
0.6571428775787354
0.7599999904632568
0.6666666865348816
0.6499999761581421
0.6000000238418579
0.8947368264198303
0.75
0.8846153616905212
0.8399999737739563
0.7727272510528564
0.8125
0.7272727489471436
0.5
0.7727272510528564
0.5555555820465088
0.8333333134651184
0.75
0.75
0.739130437374115
0.7534246444702148
0.8235294222831726
0.7368420958518982
0.7419354915618896
0.8333333134651184
0.6428571343421936
0.7777777910232544
0.8235294222831726
0.625
0.7627118825912476
0.800000011920929
0.769911527633667
0.8275862336158752
0.698113203048706
0.8500000238418579
0.7322834730148315
0.801980197429657
0.7054794430732727
0.8214285969734192
0.7288135886192322
0.8260869383811951
0.5666666626930237
0.8448275923728943
0.8260869383811951
0.8720930218696594
0.6917293071746826
0.7788461446762085
0.9082568883895874
0.7313432693481445
0.800000011920929
0.6800000071525574
0.703125
0.699999988079071
0.8541666865348816
0.6000000238418579
0.7916666865348816
0.7761194109916687
0.8260869383811951
0.7333333492279053
0.8115941882133484
0.699999988079071
0.699999988079071
0.6666666865348816
0.90625
0.795918345451355
0.7941176295280457
0.7857142686843872
0.8039215803146362
0.800000011920929
0.8169013857841492
0.8695651888847351
0.6578947305679321
0.7407407164573669
0.7333333492279053
0.7674418687820435
0.8500000238418579
0.9130434989929199
0.800000011920929
0.8214285969734192
0.7777777910232544
0.7272727489471436
0.7692307829856873
0.7638888955116272
0.7972972989082336
0.6153846383094788
0.8958333134651184
0.8888888955116272
0.9056603908538818
0.695652186870575
0.9166666865348816
0.8799999952316284
0.8235294222831726
0.9375
0.84375
0.875
0.7250000238418579
0.9454545378684998
0.7837837934494019
0.7352941036224365
0.8684210777282715
0.8571428656578064
0.5652173757553101
0.8775510191917419
0.75
0.8421052694320679
0.5789473652839661
0.8275862336158752
0.5416666865348816
0.8181818127632141
0.7647058963775635
0.9137930870056152
0.7777777910232544
0.6842105388641357
0.7592592835426331
0.6451612710952759
0.7419354915618896
0.7796609997749329
0.8409090638160706
0.8409090638160706
0.6818181872367859
0.7666666507720947
0.7105262875556946
0.8484848737716675
0.800000011920929
0.7317073345184326
0.760869562625885
0.8208954930305481
0.7333333492279053
0.7599999904632568
0.8148148059844971
0.6428571343421936
0.84375
0.5625
0.8799999952316284
0.6756756901741028
0.75
0.6111111044883728
0.8684210777282715
0.6666666865348816
0.779411792755127
0.7674418687820435
0.6451612710952759
0.5121951103210449
0.8055555820465088
0.761904776096344
0.8837209343910217
0.695652186870575
0.7906976938247681
0.875
0.7317073345184326
0.7164179086685181
0.739130437374115
0.807692289352417
0.7719298005104065
0.800000011920929
0.5869565010070801
0.75
0.8108108043670654
0.8823529481887817
0.8421052694320679
0.8888888955116272
0.800000011920929
0.7764706015586853
0.8088235259056091
0.8148148059844971
0.5833333134651184
0.75
0.7222222089767456
0.7878788113594055
0.7428571581840515
0.6987951993942261
0.6388888955116272
0.8333333134651184
0.8064516186714172
0.8999999761581421
0.5789473652839661
0.6000000238418579
0.8181818127632141
0.8181818127632141
0.9130434989929199
0.7599999904632568
0.7692307829856873
0.8717948794364929
0.8620689511299133
0.8108108043670654
0.75
0.7894737124443054
0.75
0.930232584476471
0.8113207817077637
0.8999999761581421
0.6857143044471741
0.7804877758026123
0.773809552192688
0.84375
0.7894737124443054
0.8217821717262268
0.8818181753158569
0.8450704216957092
0.761904776096344
0.6666666865348816
0.7272727489471436
0.7358490824699402
0.7887324094772339
0.7831325531005859
0.7972972989082336
0.7236841917037964
0.7796609997749329
0.6000000238418579
0.9272727370262146
0.7631579041481018
0.6190476417541504
0.800000011920929
0.550000011920929
0.4615384638309479
0.8518518805503845
0.7894737124443054
0.8372092843055725
0.800000011920929
0.760869562625885
0.7692307829856873
0.75
0.5882353186607361
0.8108108043670654
0.6315789222717285
0.875
0.717391312122345
0.6086956262588501
0.7678571343421936
0.78125
0.6521739363670349
0.7916666865348816
0.7441860437393188
0.699999988079071
0.6842105388641357
0.7777777910232544
0.8235294222831726
0.3888888955116272
0.4736842215061188
0.5882353186607361
0.6779661178588867
0.6129032373428345
0.7250000238418579
0.7419354915618896
0.6172839403152466
0.7419354915618896
0.6363636255264282
0.692307710647583
0.6470588445663452
0.699999988079071
0.7395833134651184
0.843137264251709
0.5571428537368774
0.604938268661499
0.6666666865348816
0.71875
0.6666666865348816
0.38461539149284363
0.40909090638160706
0.7407407164573669
0.7755101919174194
0.6867470145225525
0.5483871102333069
0.7222222089767456
0.6774193644523621
0.6835442781448364
0.5555555820465088
0.6888889074325562
0.7215189933776855
0.7804877758026123
0.6521739363670349
0.6818181872367859
0.7297297120094299
0.625
0.4871794879436493
0.6499999761581421
0.6363636255264282
0.675000011920929
0.6527777910232544
0.7250000238418579
0.7647058963775635
0.65625
0.7222222089767456
0.5714285969734192
0.6557376980781555
0.800000011920929
0.4000000059604645
0.761904776096344
0.6129032373428345
0.6969696879386902
0.78125
0.5600000023841858
0.5555555820465088
0.6857143044471741
0.5882353186607361
0.7714285850524902
0.7857142686843872
0.7213114500045776
0.7428571581840515
0.5555555820465088
0.6746031641960144
0.7083333134651184
0.8333333134651184
0.7307692170143127
0.6666666865348816
0.75
0.7749999761581421
0.7446808218955994
0.699999988079071
0.7222222089767456
0.7096773982048035
0.8181818127632141
0.8666666746139526
0.8064516186714172
0.8235294222831726
0.7083333134651184
0.7647058963775635
0.6842105388641357
0.7272727489471436
0.5555555820465088
0.6842105388641357
0.800000011920929
0.7777777910232544
0.7142857313156128
0.805084764957428
0.7272727489471436
0.7272727489471436
0.7142857313156128
0.5555555820465088
0.7966101765632629
0.44999998807907104
0.75
0.4444444477558136
0.692307710647583
0.7692307829856873
0.7758620977401733
0.800000011920929
0.5
0.6666666865348816
0.7115384340286255
0.7941176295280457
0.7368420958518982
0.6666666865348816
0.8194444179534912
0.695652186870575
0.8469387888908386
0.7727272510528564
0.8157894611358643
0.6734693646430969
0.6730769276618958
0.8139534592628479
0.7037037014961243
0.7674418687820435
0.6734693646430969
0.8125
0.6538461446762085
0.644444465637207
0.8627451062202454
0.8260869383811951
0.75
0.800000011920929
0.761904776096344
0.8367347121238708
0.719298243522644
0.6739130616188049
0.804347813129425
0.7450980544090271
0.8039215803146362
0.7021276354789734
0.6530612111091614
0.6274510025978088
0.8571428656578064
0.7599999904632568
0.692307710647583
0.7115384340286255
0.5263158082962036
0.7333333492279053
0.6739130616188049
0.7647058963775635
0.875
0.800000011920929
0.8367347121238708
0.6875
0.5961538553237915
0.7849462628364563
0.9354838728904724
0.8478260636329651
0.9117646813392639
0.8500000238418579
0.9125000238418579
0.8500000238418579
0.795918345451355
0.8598130941390991
0.9130434989929199
0.8271604776382446
0.8454545736312866
0.8478260636329651
0.8191489577293396
0.7906976938247681
0.7358490824699402
0.8095238208770752
0.7678571343421936
0.7938144207000732
0.8556700944900513
0.7300000190734863
0.7868852615356445
0.5901639461517334
0.8478260636329651
0.8484848737716675
0.726190447807312
0.7971014380455017
0.641791045665741
0.8275862336158752
0.6000000238418579
0.78125
0.7037037014961243
0.7979797720909119
0.7910447716712952
0.7916666865348816
0.8648648858070374
0.738095223903656
0.8198198080062866
0.8235294222831726
0.7037037014961243
0.8584070801734924
0.725806474685669
0.7857142686843872
0.8799999952316284
0.8723404407501221
0.8214285969734192
0.8823529481887817
0.8690476417541504
0.8333333134651184
0.841269850730896
0.8285714387893677
0.8500000238418579
0.8082191944122314
0.90625
0.8108108043670654
0.9701492786407471
0.8771929740905762
0.8823529481887817
0.7586206793785095
0.7222222089767456
0.75
0.5625
0.8765432238578796
0.8888888955116272
0.8095238208770752
0.23076923191547394
0.8125
0.8518518805503845
0.7368420958518982
0.8235294222831726
0.8902438879013062
0.625
0.8636363744735718
0.75
0.692307710647583
0.8857142925262451
0.761904776096344
0.7692307829856873
0.800000011920929
0.6153846383094788
0.5
0.8333333134651184
0.8399999737739563
0.8947368264198303
0.7857142686843872
0.800000011920929
0.8799999952316284
0.8695651888847351
0.84375
0.8367347121238708
0.8709677457809448
0.8333333134651184
0.8421052694320679
0.7560975551605225
0.7058823704719543
0.8548387289047241
0.9047619104385376
0.7333333492279053
0.7799999713897705
0.9024389982223511
0.8292682766914368
0.8793103694915771
0.8409090638160706
0.75
0.949999988079071
0.375
0.8947368264198303
0.8333333134651184
0.8333333134651184
0.6000000238418579
0.875
0.7368420958518982
0.8333333134651184
0.8833333253860474
0.6153846383094788
0.8518518805503845
0.892307698726654
0.7222222089767456
0.7903226017951965
0.625
0.7837837934494019
0.7435897588729858
0.8275862336158752
0.671875
0.6774193644523621
0.747826099395752
0.8615384697914124
0.7272727489471436
0.6938775777816772
0.5555555820465088
0.5857142806053162
0.75
0.6857143044471741
0.6666666865348816
0.8111110925674438
0.7613636255264282
0.6052631735801697
0.7200000286102295
0.7285714149475098
0.7049180269241333
0.699999988079071
0.7560975551605225
0.760869562625885
0.800000011920929
0.7881355881690979
0.7222222089767456
0.6000000238418579
0.7407407164573669
0.6515151262283325
0.8333333134651184
0.6818181872367859
0.6363636255264282
0.8387096524238586
0.7692307829856873
0.78125
0.7749999761581421
0.699999988079071
0.7400000095367432
0.7115384340286255
0.7945205569267273
0.7611940503120422
0.7777777910232544
0.7682926654815674
0.841269850730896
0.6805555820465088
0.7985074520111084
0.7777777910232544
0.8571428656578064
0.699999988079071
0.698113203048706
0.7560975551605225
0.7631579041481018
0.6382978558540344
0.6875
0.6481481194496155
0.7857142686843872
0.7592592835426331
0.8360655903816223
0.7962962985038757
0.8055555820465088
0.9354838728904724
0.734375
0.739130437374115
0.65625
0.9230769276618958
0.9130434989929199
0.8333333134651184
0.7894737124443054
0.6666666865348816
0.5
0.8636363744735718
0.7804877758026123
0.8799999952316284
0.8367347121238708
0.8867924809455872
0.739130437374115
0.7727272510528564
0.875
0.7368420958518982
0.6818181872367859
0.7647058963775635
0.8095238208770752
0.7647058963775635
0.9215686321258545
0.6875
0.9634146094322205
0.9166666865348816
0.8526315689086914
0.7096773982048035
0.8095238208770752
0.7894737124443054
0.9032257795333862
0.824999988079071
0.8421052694320679
0.8695651888847351
0.75
0.9512194991111755
0.6060606241226196
0.695652186870575
0.8026315569877625
0.6428571343421936
0.9056603908538818
0.8148148059844971
0.920634925365448
0.8484848737716675
0.7045454382896423
0.7837837934494019
0.6428571343421936
0.8548387289047241
0.8481012582778931
0.8309859037399292
0.8658536672592163
0.828125
0.8396946787834167
0.8524590134620667
0.8235294222831726
0.930232584476471
0.9019607901573181
0.8703703880310059
0.8571428656578064
0.800000011920929
0.8024691343307495
0.782608687877655
0.8947368264198303
0.761904776096344
0.875
0.75
0.7857142686843872
0.7333333492279053
0.8666666746139526
0.8125
0.8095238208770752
0.5
0.5333333611488342
0.7884615659713745
0.9117646813392639
0.8500000238418579
0.7948718070983887
0.7142857313156128
0.800000011920929
0.7352941036224365
0.8701298832893372
0.8039215803146362
0.7884615659713745
0.625
0.875
0.8285714387893677
0.5789473652839661
0.7058823704719543
0.9076923131942749
0.7058823704719543
0.8536585569381714
0.7599999904632568
0.8545454740524292
0.7916666865348816
0.8409090638160706
0.7200000286102295
0.8571428656578064
0.7428571581840515
0.782608687877655
0.800000011920929
0.5882353186607361
0.800000011920929
0.875
0.8387096524238586
0.8518518805503845
0.8333333134651184
0.8260869383811951
0.523809552192688
0.8297872543334961
0.8666666746139526
0.7540983557701111
0.9166666865348816
0.7599999904632568
0.8292682766914368
0.8461538553237915
0.8333333134651184
0.8999999761581421
0.75
0.875
0.8947368264198303
0.7142857313156128
0.6842105388641357
0.7333333492279053
0.7948718070983887
0.859375
0.8214285969734192
0.6896551847457886
0.7647058963775635
0.9189189076423645
0.8571428656578064
0.7272727489471436
0.7708333134651184
0.7428571581840515
0.9032257795333862
0.7948718070983887
0.8409090638160706
0.801980197429657
0.7941176295280457
0.6800000071525574
0.9259259104728699
0.9354838728904724
0.849056601524353
0.8253968358039856
0.8571428656578064
0.7931034564971924
0.8666666746139526
0.8421052694320679
0.699999988079071
0.7222222089767456
0.6666666865348816
0.6153846383094788
0.6969696879386902
0.5789473652839661
0.7666666507720947
0.4482758641242981
0.3076923191547394
0.7352941036224365
0.6000000238418579
0.800000011920929
0.2857142984867096
0.6538461446762085
0.8181818127632141
0.7222222089767456
0.6285714507102966
0.5
0.4516128897666931
0.6666666865348816
0.6756756901741028
0.7272727489471436
0.7014925479888916
0.6000000238418579
0.42424243688583374
0.6428571343421936
0.5714285969734192
0.6470588445663452
0.7222222089767456
0.6111111044883728
0.6363636255264282
0.6388888955116272
0.7083333134651184
0.6499999761581421
0.6774193644523621
0.3333333432674408
0.6976743936538696
0.6851851940155029
0.5757575631141663
0.5744680762290955
0.7441860437393188
0.5961538553237915
0.6000000238418579
0.5588235259056091
0.6486486196517944
0.675000011920929
0.4545454680919647
0.7692307829856873
0.6631578803062439
0.6521739363670349
0.75
0.4482758641242981
0.5769230723381042
0.7027027010917664
0.4399999976158142
0.774193525314331
0.52173912525177
0.5555555820465088
0.6470588445663452
0.6666666865348816
0.5822784900665283
0.8181818127632141
0.6060606241226196
0.7407407164573669
0.4848484992980957
0.6499999761581421
0.5789473652839661
0.5
0.6176470518112183
0.48148149251937866
0.6875
0.6666666865348816
0.5517241358757019
0.7228915691375732
0.7846153974533081
0.7169811129570007
0.6034482717514038
0.717391312122345
0.5
0.6904761791229248
0.7916666865348816
0.6774193644523621
0.6222222447395325
0.6666666865348816
0.7179487347602844
0.5641025900840759
0.47999998927116394
0.5625
0.75
0.800000011920929
0.7428571581840515
0.5714285969734192
0.59375
0.688524603843689
0.8484848737716675
0.6896551847457886
0.6530612111091614
0.75
0.6666666865348816
0.8095238208770752
0.8666666746139526
0.6521739363670349
0.7241379022598267
0.725806474685669
0.8870967626571655
0.7560975551605225
0.7647058963775635
0.47826087474823
0.7692307829856873
0.5555555820465088
0.6829268336296082
0.8636363744735718
0.7142857313156128
0.6071428656578064
0.5416666865348816
0.7761194109916687
0.800000011920929
0.7878788113594055
0.6000000238418579
0.675000011920929
0.5384615659713745
0.8172042965888977
0.5757575631141663
0.699999988079071
0.7560975551605225
0.8333333134651184
0.9024389982223511
0.686274528503418
0.8125
0.75
0.8269230723381042
0.7872340679168701
0.7971014380455017
0.8548387289047241
0.7431192398071289
0.7567567825317383
0.8888888955116272
0.8088235259056091
0.6666666865348816
0.8148148059844971
0.8113207817077637
0.7857142686843872
0.8214285969734192
0.7560975551605225
0.8235294222831726
