0.7291666865348816
0.9555555582046509
0.8055555820465088
0.8095238208770752
0.7333333492279053
0.75
0.7941176295280457
0.8536585569381714
0.8474576473236084
0.8048780560493469
0.8461538553237915
0.800000011920929
0.8947368264198303
0.8648648858070374
0.7333333492279053
0.8799999952316284
0.8260869383811951
0.9285714030265808
0.8275862336158752
0.8518518805503845
0.9444444179534912
0.7777777910232544
0.800000011920929
0.774193525314331
0.9473684430122375
0.875
0.7749999761581421
0.71875
0.75
0.8421052694320679
0.9591836929321289
0.7142857313156128
0.9117646813392639
0.75
0.800000011920929
0.84375
0.8181818127632141
0.8863636255264282
0.9210526347160339
0.6976743936538696
0.8684210777282715
0.7272727489471436
0.8222222328186035
0.75
0.782608687877655
0.8214285969734192
0.6399999856948853
0.9130434989929199
0.7777777910232544
0.6666666865348816
0.782608687877655
0.8444444537162781
0.7291666865348816
0.8913043737411499
0.782608687877655
0.7058823704719543
0.7096773982048035
0.8214285969734192
0.9047619104385376
0.8399999737739563
0.8181818127632141
0.9433962106704712
0.7599999904632568
0.8928571343421936
0.8245614171028137
0.8333333134651184
0.800000011920929
0.8769230842590332
0.5882353186607361
0.759036123752594
0.6315789222717285
0.8275862336158752
0.7692307829856873
0.8130841255187988
0.7021276354789734
0.90625
0.8301886916160583
0.8846153616905212
0.7647058963775635
0.75
0.7575757503509521
0.7894737124443054
0.7307692170143127
0.7058823704719543
0.8999999761581421
0.8571428656578064
0.8260869383811951
0.8125
0.9459459185600281
0.8823529481887817
0.7200000286102295
0.9142857193946838
0.7799999713897705
0.8421052694320679
0.6875
0.9056603908538818
0.8260869383811951
0.6551724076271057
0.8571428656578064
0.8846153616905212
0.8500000238418579
0.6499999761581421
0.6399999856948853
0.7179487347602844
0.7058823704719543
0.8166666626930237
0.6206896305084229
0.807692289352417
0.5555555820465088
0.8148148059844971
0.4166666567325592
0.7941176295280457
0.8936170339584351
0.855555534362793
0.8823529481887817
0.8222222328186035
0.8780487775802612
0.9115646481513977
0.8604651093482971
0.7906976938247681
0.8780487775802612
0.8828828930854797
0.8571428656578064
0.8833333253860474
0.8615384697914124
0.8872180581092834
0.875
0.7962962985038757
0.8421052694320679
0.739130437374115
0.9473684430122375
0.7865168452262878
0.7931034564971924
0.936170220375061
0.6000000238418579
0.9090909361839294
0.7777777910232544
0.8636363744735718
0.8260869383811951
0.807692289352417
0.7058823704719543
0.625
0.9166666865348816
0.807692289352417
0.8285714387893677
0.8399999737739563
0.7777777910232544
0.75
0.6666666865348816
0.8421052694320679
0.71875
0.8461538553237915
0.8933333158493042
0.6818181872367859
0.875
0.8181818127632141
0.699999988079071
0.8181818127632141
0.5555555820465088
0.8333333134651184
0.7857142686843872
0.7857142686843872
0.782608687877655
0.8630136847496033
0.8823529481887817
0.8421052694320679
0.8064516186714172
0.8333333134651184
0.8928571343421936
0.8055555820465088
0.8823529481887817
0.6875
0.8135592937469482
0.8444444537162781
0.8230088353157043
0.9137930870056152
0.7735849022865295
0.875
0.8031495809555054
0.8217821717262268
0.7602739930152893
0.8928571343421936
0.8135592937469482
0.8840579986572266
0.7333333492279053
0.8620689511299133
0.8405796885490417
0.895348846912384
0.7518796920776367
0.7884615659713745
0.8715596199035645
0.7910447716712952
0.8399999737739563
0.7599999904632568
0.78125
0.7749999761581421
0.8645833134651184
0.6499999761581421
0.875
0.8208954930305481
0.8478260636329651
0.7666666507720947
0.782608687877655
0.800000011920929
0.6666666865348816
0.6666666865348816
0.90625
0.8775510191917419
0.7352941036224365
0.8571428656578064
0.9215686321258545
0.8500000238418579
0.8591549396514893
0.8695651888847351
0.8421052694320679
0.7037037014961243
0.8666666746139526
0.7674418687820435
0.8799999952316284
0.9130434989929199
0.800000011920929
0.8214285969734192
0.7407407164573669
0.6818181872367859
0.7692307829856873
0.8333333134651184
0.8648648858070374
0.692307710647583
0.875
0.8444444537162781
0.8867924809455872
0.782608687877655
0.7916666865348816
0.8533333539962769
0.8235294222831726
0.90625
0.84375
0.8500000238418579
0.800000011920929
0.9272727370262146
0.8108108043670654
0.8235294222831726
0.8421052694320679
0.8928571343421936
0.739130437374115
0.9387755393981934
0.8125
0.8421052694320679
0.6315789222717285
0.8620689511299133
0.7916666865348816
0.9090909361839294
0.8235294222831726
0.8793103694915771
0.7222222089767456
0.7368420958518982
0.8148148059844971
0.6774193644523621
0.8387096524238586
0.7966101765632629
0.8863636255264282
0.8181818127632141
0.6818181872367859
0.8666666746139526
0.8684210777282715
0.8181818127632141
0.800000011920929
0.8048780560493469
0.8478260636329651
0.8358209133148193
0.800000011920929
0.8399999737739563
0.8148148059844971
0.7857142686843872
0.8125
0.65625
0.8799999952316284
0.7297297120094299
0.78125
0.6111111044883728
0.9210526347160339
0.7037037014961243
0.7941176295280457
0.8023256063461304
0.774193525314331
0.6097561120986938
0.8055555820465088
0.8095238208770752
0.8837209343910217
0.782608687877655
0.8604651093482971
0.8392857313156128
0.8048780560493469
0.7761194109916687
0.739130437374115
0.8461538553237915
0.8245614171028137
0.800000011920929
0.6521739363670349
0.75
0.837837815284729
0.8823529481887817
0.7894737124443054
0.8888888955116272
0.8285714387893677
0.8117647171020508
0.8823529481887817
0.7407407164573669
0.6666666865348816
0.8333333134651184
0.7777777910232544
0.7575757503509521
0.7428571581840515
0.7831325531005859
0.7777777910232544
0.9166666865348816
0.774193525314331
0.8666666746139526
0.4736842215061188
0.5333333611488342
0.8181818127632141
0.8636363744735718
0.8913043737411499
0.8399999737739563
0.7948718070983887
0.9230769276618958
0.8275862336158752
0.7567567825317383
0.8333333134651184
0.8421052694320679
0.8333333134651184
0.9534883499145508
0.8113207817077637
0.8999999761581421
0.8285714387893677
0.7967479825019836
0.773809552192688
0.875
0.8684210777282715
0.8118811845779419
0.918181836605072
0.8450704216957092
0.8095238208770752
0.6888889074325562
0.7954545617103577
0.8113207817077637
0.8028169274330139
0.8072289228439331
0.8783783912658691
0.7236841917037964
0.8389830589294434
0.6800000071525574
0.9090909361839294
0.7894737124443054
0.738095223903656
0.800000011920929
0.7250000238418579
0.5384615659713745
0.8518518805503845
0.8421052694320679
0.7674418687820435
0.699999988079071
0.8695651888847351
0.7692307829856873
0.8461538553237915
0.6470588445663452
0.837837815284729
0.8421052694320679
0.7749999761581421
0.717391312122345
0.782608687877655
0.8571428656578064
0.78125
0.739130437374115
0.8333333134651184
0.7441860437393188
0.6499999761581421
0.7894737124443054
0.8333333134651184
0.8235294222831726
0.5
0.5789473652839661
0.7647058963775635
0.6779661178588867
0.6451612710952759
0.7250000238418579
0.8064516186714172
0.6419752836227417
0.8064516186714172
0.5757575631141663
0.7692307829856873
0.7058823704719543
0.7666666507720947
0.7604166865348816
0.9215686321258545
0.5142857432365417
0.654321014881134
0.7777777910232544
0.65625
0.7037037014961243
0.5384615659713745
0.4545454680919647
0.7037037014961243
0.8367347121238708
0.7228915691375732
0.5806451439857483
0.7777777910232544
0.7096773982048035
0.7215189933776855
0.7407407164573669
0.6222222447395325
0.7721518874168396
0.8292682766914368
0.739130437374115
0.7272727489471436
0.7567567825317383
0.7142857313156128
0.6410256624221802
0.6499999761581421
0.7272727489471436
0.7250000238418579
0.6944444179534912
0.824999988079071
0.7647058963775635
0.65625
0.7777777910232544
0.7142857313156128
0.7049180269241333
0.7777777910232544
0.46666666865348816
0.8571428656578064
0.7096773982048035
0.7878788113594055
0.8125
0.47999998927116394
0.5925925970077515
0.7714285850524902
0.6941176652908325
0.800000011920929
0.761904776096344
0.8196721076965332
0.7142857313156128
0.5555555820465088
0.6746031641960144
0.7083333134651184
0.8888888955116272
0.7948718070983887
0.6428571343421936
0.8500000238418579
0.8999999761581421
0.7872340679168701
0.6499999761581421
0.6111111044883728
0.774193525314331
0.7727272510528564
0.800000011920929
0.8387096524238586
0.8235294222831726
0.875
0.8088235259056091
0.5789473652839661
0.3636363744735718
0.5555555820465088
0.7894737124443054
0.8199999928474426
0.8333333134651184
0.800000011920929
0.8220338821411133
0.7878788113594055
0.8181818127632141
0.7755101919174194
0.5555555820465088
0.7627118825912476
0.44999998807907104
0.7916666865348816
0.4444444477558136
0.6153846383094788
0.7692307829856873
0.8793103694915771
0.8500000238418579
0.625
0.8095238208770752
0.7884615659713745
0.7941176295280457
0.7894737124443054
0.6000000238418579
0.8888888955116272
0.760869562625885
0.8469387888908386
0.8181818127632141
0.8157894611358643
0.6938775777816772
0.8269230723381042
0.7906976938247681
0.8148148059844971
0.7441860437393188
0.7346938848495483
0.875
0.7884615659713745
0.6888889074325562
0.9215686321258545
0.8913043737411499
0.8461538553237915
0.9333333373069763
0.7523809671401978
0.8775510191917419
0.8421052694320679
0.739130437374115
0.8695651888847351
0.8627451062202454
0.843137264251709
0.7659574747085571
0.7142857313156128
0.686274528503418
0.9107142686843872
0.800000011920929
0.8269230723381042
0.7884615659713745
0.6315789222717285
0.8444444537162781
0.760869562625885
0.8039215803146362
0.9166666865348816
0.8666666746139526
0.9387755393981934
0.75
0.7115384340286255
0.8172042965888977
0.9247311949729919
0.9130434989929199
0.8970588445663452
0.8916666507720947
0.9375
0.8500000238418579
0.795918345451355
0.8878504633903503
0.9130434989929199
0.8518518805503845
0.9090909361839294
0.8695651888847351
0.8404255509376526
0.8604651093482971
0.7169811129570007
0.8476190567016602
0.7857142686843872
0.8659793734550476
0.8969072103500366
0.800000011920929
0.8196721076965332
0.6721311211585999
0.8804348111152649
0.7727272510528564
0.8214285969734192
0.8115941882133484
0.6567164063453674
0.8620689511299133
0.6333333253860474
0.8125
0.7654321193695068
0.7676767706871033
0.8059701323509216
0.8333333134651184
0.9054054021835327
0.8095238208770752
0.8468468189239502
0.8039215803146362
0.7777777910232544
0.9203540086746216
0.7419354915618896
0.8571428656578064
0.9200000166893005
0.914893627166748
0.8214285969734192
0.8823529481887817
0.9047619104385376
0.6944444179534912
0.8253968358039856
0.7714285850524902
0.800000011920929
0.7945205569267273
0.90625
0.837837815284729
0.9701492786407471
0.8947368264198303
0.843137264251709
0.7586206793785095
0.75
0.8333333134651184
0.6875
0.8518518805503845
0.8518518805503845
0.761904776096344
0.4615384638309479
0.8958333134651184
0.8518518805503845
0.7894737124443054
0.7058823704719543
0.9146341681480408
0.8125
0.8636363744735718
0.75
0.692307710647583
0.8857142925262451
0.761904776096344
0.7692307829856873
0.800000011920929
0.7692307829856873
0.6111111044883728
0.8333333134651184
0.8799999952316284
0.9122806787490845
0.8392857313156128
0.8999999761581421
0.9200000166893005
0.8695651888847351
0.890625
0.9387755393981934
0.8709677457809448
0.8333333134651184
0.8421052694320679
0.8292682766914368
0.7647058963775635
0.9032257795333862
0.761904776096344
0.7333333492279053
0.8799999952316284
0.9024389982223511
0.8780487775802612
0.8965517282485962
0.8636363744735718
0.78125
0.875
0.625
0.8947368264198303
0.8333333134651184
0.8571428656578064
0.7333333492279053
0.8125
0.8421052694320679
0.8333333134651184
0.8833333253860474
0.692307710647583
0.8518518805503845
0.9230769276618958
0.7777777910232544
0.8548387289047241
0.6785714030265808
0.8648648858070374
0.7692307829856873
0.8620689511299133
0.75
0.7419354915618896
0.8173912763595581
0.8615384697914124
0.7454545497894287
0.7142857313156128
0.6296296119689941
0.6000000238418579
0.6000000238418579
0.6285714507102966
0.46666666865348816
0.8666666746139526
0.7840909361839294
0.6578947305679321
0.6399999856948853
0.7714285850524902
0.8360655903816223
0.75
0.7560975551605225
0.8478260636329651
0.7333333492279053
0.805084764957428
0.7222222089767456
0.644444465637207
0.7037037014961243
0.75
0.9166666865348816
0.6363636255264282
0.7575757503509521
0.8064516186714172
0.7179487347602844
0.8125
0.75
0.6000000238418579
0.7400000095367432
0.692307710647583
0.7808219194412231
0.7611940503120422
0.8034188151359558
0.8048780560493469
0.8571428656578064
0.7638888955116272
0.8805969953536987
0.7916666865348816
0.8571428656578064
0.699999988079071
0.7547169923782349
0.8902438879013062
0.6578947305679321
0.6808510422706604
0.65625
0.6481481194496155
0.875
0.8333333134651184
0.8852459192276001
0.8148148059844971
0.8055555820465088
0.9354838728904724
0.859375
0.9130434989929199
0.6875
0.9230769276618958
0.9130434989929199
0.7333333492279053
0.8421052694320679
0.7777777910232544
0.7222222089767456
0.8409090638160706
0.8536585569381714
0.8399999737739563
0.8979591727256775
0.9433962106704712
0.8695651888847351
0.8181818127632141
0.875
0.8421052694320679
0.8409090638160706
0.7647058963775635
0.9047619104385376
0.7352941036224365
0.9607843160629272
0.8125
0.9390243887901306
0.9166666865348816
0.9368420839309692
0.774193525314331
0.761904776096344
0.7894737124443054
0.8709677457809448
0.875
0.8421052694320679
0.8695651888847351
0.800000011920929
0.8536585569381714
0.6666666865348816
0.695652186870575
0.7894737124443054
0.7857142686843872
0.8867924809455872
0.8518518805503845
0.9523809552192688
0.8484848737716675
0.7045454382896423
0.8648648858070374
0.75
0.9032257795333862
0.9240506291389465
0.7746478915214539
0.9024389982223511
0.859375
0.8091602921485901
0.8360655903816223
0.9607843160629272
0.9534883499145508
0.9411764740943909
0.8703703880310059
0.9285714030265808
0.800000011920929
0.8271604776382446
0.782608687877655
0.9298245906829834
0.7142857313156128
0.90625
0.8500000238418579
0.7857142686843872
0.7333333492279053
0.8666666746139526
0.84375
0.8809523582458496
0.6666666865348816
0.6000000238418579
0.7884615659713745
0.9117646813392639
0.800000011920929
0.8589743375778198
0.7857142686843872
0.800000011920929
0.7058823704719543
0.8701298832893372
0.843137264251709
0.8653846383094788
0.75
0.875
0.8857142925262451
0.5263158082962036
0.7058823704719543
0.9230769276618958
0.686274528503418
0.8780487775802612
0.6399999856948853
0.9272727370262146
0.75
0.8409090638160706
0.800000011920929
0.8928571343421936
0.7714285850524902
0.739130437374115
0.800000011920929
0.5882353186607361
0.8333333134651184
0.9375
0.8064516186714172
0.8518518805503845
0.8999999761581421
0.782608687877655
0.5714285969734192
0.8510638475418091
0.8333333134651184
0.7377049326896667
0.8833333253860474
0.800000011920929
0.8414633870124817
0.8846153616905212
0.8888888955116272
0.875
0.875
0.9166666865348816
0.8684210777282715
0.8571428656578064
0.6315789222717285
0.8666666746139526
0.8717948794364929
0.890625
0.8214285969734192
0.6551724076271057
0.8823529481887817
0.9459459185600281
0.8571428656578064
0.8636363744735718
0.8541666865348816
0.8285714387893677
0.9032257795333862
0.8974359035491943
0.8181818127632141
0.7821782231330872
0.7941176295280457
0.8799999952316284
0.9259259104728699
0.9032257795333862
0.8867924809455872
0.8888888955116272
0.8095238208770752
0.7931034564971924
0.800000011920929
0.8421052694320679
0.7333333492279053
0.7222222089767456
0.7333333492279053
0.5
0.7575757503509521
0.5789473652839661
0.7666666507720947
0.517241358757019
0.6153846383094788
0.7352941036224365
0.675000011920929
0.800000011920929
0.4285714328289032
0.6538461446762085
0.800000011920929
0.6666666865348816
0.8285714387893677
0.4545454680919647
0.5161290168762207
0.8095238208770752
0.7027027010917664
0.800000011920929
0.7164179086685181
0.7714285850524902
0.39393940567970276
0.7857142686843872
0.7142857313156128
0.7058823704719543
0.7222222089767456
0.6666666865348816
0.8181818127632141
0.6666666865348816
0.75
0.6499999761581421
0.7419354915618896
0.46666666865348816
0.7906976938247681
0.6111111044883728
0.6666666865348816
0.5957446694374084
0.8604651093482971
0.692307710647583
0.6399999856948853
0.6764705777168274
0.6486486196517944
0.675000011920929
0.40909090638160706
0.7692307829856873
0.6842105388641357
0.695652186870575
0.6666666865348816
0.4482758641242981
0.5384615659713745
0.6216216087341309
0.4000000059604645
0.8064516186714172
0.6086956262588501
0.6666666865348816
0.8235294222831726
0.7142857313156128
0.5443037748336792
0.8181818127632141
0.6666666865348816
0.7037037014961243
0.6666666865348816
0.800000011920929
0.5263158082962036
0.5526315569877625
0.6764705777168274
0.5555555820465088
0.6875
0.5714285969734192
0.6206896305084229
0.7831325531005859
0.800000011920929
0.8113207817077637
0.6896551847457886
0.760869562625885
0.5
0.761904776096344
0.875
0.8064516186714172
0.6000000238418579
0.6666666865348816
0.7692307829856873
0.5769230723381042
0.6000000238418579
0.6875
0.75
0.800000011920929
0.8285714387893677
0.6428571343421936
0.671875
0.8196721076965332
0.8787878751754761
0.6896551847457886
0.7755101919174194
0.5833333134651184
0.6666666865348816
0.8333333134651184
0.8333333134651184
0.6086956262588501
0.6551724076271057
0.725806474685669
0.9516128897666931
0.8292682766914368
0.8235294222831726
0.6086956262588501
0.8307692408561707
0.6666666865348816
0.7317073345184326
0.8181818127632141
0.6857143044471741
0.6607142686843872
0.5833333134651184
0.8656716346740723
0.8857142925262451
0.8484848737716675
0.5
0.800000011920929
0.5384615659713745
0.8279569745063782
0.5757575631141663
0.800000011920929
0.8780487775802612
0.800000011920929
0.9268292784690857
0.7647058963775635
0.75
0.78125
0.7884615659713745
0.8670212626457214
0.8260869383811951
0.9112903475761414
0.78899085521698
0.7432432174682617
0.8571428656578064
0.8823529481887817
0.7407407164573669
0.8148148059844971
0.8301886916160583
0.8214285969734192
0.8928571343421936
0.792682945728302
0.7058823704719543
