0.75
0.9333333373069763
0.7777777910232544
0.8571428656578064
0.800000011920929
0.800000011920929
0.8529411554336548
0.8780487775802612
0.8644067645072937
0.8536585569381714
0.8461538553237915
0.8285714387893677
0.8947368264198303
0.8918918967247009
0.8333333134651184
0.8799999952316284
0.9130434989929199
0.9047619104385376
0.8275862336158752
0.8518518805503845
0.9444444179534912
0.8333333134651184
0.8399999737739563
0.8709677457809448
0.9210526347160339
0.875
0.800000011920929
0.78125
0.7916666865348816
0.7894737124443054
0.8979591727256775
0.8095238208770752
0.9117646813392639
0.8125
0.800000011920929
0.78125
0.8636363744735718
0.8863636255264282
0.9473684430122375
0.7906976938247681
0.8815789222717285
0.7272727489471436
0.8444444537162781
0.8333333134651184
0.8260869383811951
0.8928571343421936
0.8799999952316284
0.9130434989929199
0.8055555820465088
0.6969696879386902
0.9130434989929199
0.8666666746139526
0.7916666865348816
0.8913043737411499
0.8260869383811951
0.7647058963775635
0.8064516186714172
0.8214285969734192
0.9047619104385376
0.800000011920929
0.9090909361839294
0.9433962106704712
0.8399999737739563
0.8928571343421936
0.8245614171028137
0.8888888955116272
0.8285714387893677
0.9076923131942749
0.6470588445663452
0.8433734774589539
0.6842105388641357
0.7931034564971924
0.7692307829856873
0.8598130941390991
0.8297872543334961
0.90625
0.9245283007621765
0.8461538553237915
0.7352941036224365
0.7916666865348816
0.7878788113594055
0.8421052694320679
0.8846153616905212
0.8529411554336548
0.8999999761581421
0.9142857193946838
0.8695651888847351
0.765625
0.9459459185600281
0.9411764740943909
0.7599999904632568
0.9428571462631226
0.8399999737739563
0.9122806787490845
0.6875
0.9433962106704712
0.8695651888847351
0.7758620977401733
0.8857142925262451
0.9230769276618958
0.8999999761581421
0.800000011920929
0.6800000071525574
0.8461538553237915
0.6470588445663452
0.9166666865348816
0.6896551847457886
0.807692289352417
0.7222222089767456
0.8518518805503845
0.4166666567325592
0.8235294222831726
0.8936170339584351
0.8999999761581421
0.843137264251709
0.800000011920929
0.8536585569381714
0.9251700639724731
0.8372092843055725
0.7906976938247681
0.8536585569381714
0.8918918967247009
0.8571428656578064
0.9166666865348816
0.8769230842590332
0.8872180581092834
0.9375
0.8148148059844971
0.8947368264198303
0.695652186870575
0.9473684430122375
0.8089887499809265
0.8275862336158752
0.914893627166748
0.6000000238418579
0.9090909361839294
0.8333333134651184
0.8636363744735718
0.8260869383811951
0.7692307829856873
0.6470588445663452
0.7083333134651184
0.9166666865348816
0.8461538553237915
0.6857143044471741
0.800000011920929
0.8333333134651184
0.800000011920929
0.5333333611488342
0.9210526347160339
0.75
0.9230769276618958
0.9200000166893005
0.7727272510528564
0.8125
0.8181818127632141
0.75
0.7272727489471436
0.6666666865348816
0.8333333134651184
0.8571428656578064
0.75
0.782608687877655
0.7945205569267273
0.8823529481887817
0.8947368264198303
0.774193525314331
0.8666666746139526
0.8571428656578064
0.8055555820465088
0.8235294222831726
0.71875
0.8135592937469482
0.8666666746139526
0.8584070801734924
0.8965517282485962
0.8301886916160583
0.925000011920929
0.8267716765403748
0.8514851331710815
0.801369845867157
0.9107142686843872
0.8983050584793091
0.8985507488250732
0.7333333492279053
0.9137930870056152
0.8405796885490417
0.930232584476471
0.7593985199928284
0.8461538553237915
0.9174311757087708
0.7910447716712952
0.8600000143051147
0.800000011920929
0.78125
0.75
0.8958333134651184
0.6499999761581421
0.8333333134651184
0.8656716346740723
0.8913043737411499
0.800000011920929
0.8260869383811951
0.7666666507720947
0.7333333492279053
0.5555555820465088
0.9375
0.918367326259613
0.8529411554336548
0.8928571343421936
0.9019607901573181
0.875
0.8732394576072693
0.9130434989929199
0.8421052694320679
0.7407407164573669
0.800000011920929
0.8372092843055725
0.8999999761581421
0.9130434989929199
0.800000011920929
0.8928571343421936
0.8148148059844971
0.7727272510528564
0.7692307829856873
0.8472222089767456
0.9324324131011963
0.692307710647583
0.8958333134651184
0.8888888955116272
0.9056603908538818
0.8260869383811951
0.9166666865348816
0.9066666960716248
0.8235294222831726
0.9375
0.9375
0.8999999761581421
0.8500000238418579
0.9090909361839294
0.837837815284729
0.7941176295280457
0.8684210777282715
0.8928571343421936
0.695652186870575
0.9387755393981934
0.8125
0.8947368264198303
0.7368420958518982
0.8620689511299133
0.7916666865348816
0.9090909361839294
0.8823529481887817
0.9482758641242981
0.7222222089767456
0.7894737124443054
0.8333333134651184
0.5806451439857483
0.9032257795333862
0.8474576473236084
0.8863636255264282
0.8863636255264282
0.7727272510528564
0.8666666746139526
0.8947368264198303
0.8787878751754761
0.8363636136054993
0.8048780560493469
0.8695651888847351
0.8805969953536987
0.800000011920929
0.800000011920929
0.8148148059844971
0.7857142686843872
0.84375
0.71875
0.8799999952316284
0.7567567825317383
0.78125
0.8333333134651184
0.8947368264198303
0.7037037014961243
0.8676470518112183
0.895348846912384
0.8709677457809448
0.6097561120986938
0.8055555820465088
0.8571428656578064
0.930232584476471
0.8695651888847351
0.9069767594337463
0.9285714030265808
0.8048780560493469
0.8656716346740723
0.760869562625885
0.8557692170143127
0.8421052694320679
0.800000011920929
0.804347813129425
0.75
0.8918918967247009
0.8823529481887817
0.8947368264198303
0.9259259104728699
0.8857142925262451
0.8705882430076599
0.8676470518112183
0.7407407164573669
0.75
0.8125
0.7222222089767456
0.8181818127632141
0.7714285850524902
0.8072289228439331
0.75
0.9166666865348816
0.8709677457809448
0.9333333373069763
0.7368420958518982
0.6000000238418579
0.7727272510528564
0.8636363744735718
0.9130434989929199
0.8399999737739563
0.7435897588729858
0.8974359035491943
0.8275862336158752
0.8648648858070374
0.8333333134651184
0.8421052694320679
0.75
0.930232584476471
0.8301886916160583
0.8999999761581421
0.7714285850524902
0.8211382031440735
0.8214285969734192
0.90625
0.8684210777282715
0.9009901285171509
0.918181836605072
0.8591549396514893
0.8095238208770752
0.7777777910232544
0.8409090638160706
0.7735849022865295
0.7746478915214539
0.8433734774589539
0.8513513803482056
0.8421052694320679
0.8728813529014587
0.8399999737739563
0.9454545378684998
0.8947368264198303
0.6904761791229248
0.875
0.7250000238418579
0.6153846383094788
0.8518518805503845
0.8947368264198303
0.8372092843055725
0.800000011920929
0.9130434989929199
0.807692289352417
0.8269230723381042
0.5882353186607361
0.837837815284729
0.8421052694320679
0.8500000238418579
0.782608687877655
0.6521739363670349
0.875
0.8125
0.695652186870575
0.8333333134651184
0.8139534592628479
0.699999988079071
0.7894737124443054
0.8333333134651184
0.8823529481887817
0.6666666865348816
0.5789473652839661
0.8823529481887817
0.6610169410705566
0.8064516186714172
0.8374999761581421
0.8709677457809448
0.7160493731498718
0.774193525314331
0.7272727489471436
0.8846153616905212
0.7058823704719543
0.8333333134651184
0.8541666865348816
0.8823529481887817
0.6857143044471741
0.7037037014961243
0.7777777910232544
0.71875
0.7037037014961243
0.6153846383094788
0.5454545617103577
0.7777777910232544
0.8367347121238708
0.759036123752594
0.6290322542190552
0.7777777910232544
0.7096773982048035
0.7088607549667358
0.7407407164573669
0.7777777910232544
0.8227847814559937
0.8292682766914368
0.739130437374115
0.7272727489471436
0.7567567825317383
0.7321428656578064
0.692307710647583
0.6000000238418579
0.7272727489471436
0.800000011920929
0.75
0.800000011920929
0.7647058963775635
0.78125
0.7777777910232544
0.8571428656578064
0.7704917788505554
0.8444444537162781
0.5333333611488342
0.738095223903656
0.7419354915618896
0.8181818127632141
0.875
0.47999998927116394
0.5925925970077515
0.7714285850524902
0.7647058963775635
0.800000011920929
0.8571428656578064
0.7868852615356445
0.8285714387893677
0.6666666865348816
0.738095223903656
0.75
0.8888888955116272
0.8717948794364929
0.761904776096344
0.800000011920929
0.949999988079071
0.914893627166748
0.699999988079071
0.6111111044883728
0.8387096524238586
0.7727272510528564
0.8666666746139526
0.8709677457809448
0.8235294222831726
0.7916666865348816
0.8823529481887817
0.6842105388641357
0.6363636255264282
0.7777777910232544
0.7631579041481018
0.8500000238418579
0.8888888955116272
0.800000011920929
0.8644067645072937
0.7878788113594055
0.8181818127632141
0.795918345451355
0.7777777910232544
0.7966101765632629
0.4000000059604645
0.8333333134651184
0.5555555820465088
0.7692307829856873
0.8461538553237915
0.8620689511299133
0.8666666746139526
0.6875
0.8571428656578064
0.7884615659713745
0.8529411554336548
0.7894737124443054
0.699999988079071
0.9166666865348816
0.804347813129425
0.8877550959587097
0.8636363744735718
0.8421052694320679
0.7755101919174194
0.807692289352417
0.8372092843055725
0.8148148059844971
0.7906976938247681
0.8163265585899353
0.9166666865348816
0.7884615659713745
0.6888889074325562
0.9215686321258545
0.8913043737411499
0.8653846383094788
0.8999999761581421
0.8095238208770752
0.8979591727256775
0.8245614171028137
0.782608687877655
0.9347826242446899
0.9019607901573181
0.8627451062202454
0.8297872543334961
0.795918345451355
0.7450980544090271
0.9285714030265808
0.9200000166893005
0.8653846383094788
0.8269230723381042
0.6315789222717285
0.8666666746139526
0.760869562625885
0.8627451062202454
0.9166666865348816
0.8888888955116272
0.9387755393981934
0.8125
0.807692289352417
0.8279569745063782
0.9462365508079529
0.8695651888847351
0.9411764740943909
0.9333333373069763
0.949999988079071
0.9399999976158142
0.8163265585899353
0.8878504633903503
0.9304347634315491
0.8641975522041321
0.9090909361839294
0.9130434989929199
0.8617021441459656
0.8604651093482971
0.7547169923782349
0.8952381014823914
0.8392857313156128
0.8556700944900513
0.8969072103500366
0.8299999833106995
0.8196721076965332
0.7213114500045776
0.9021739363670349
0.8181818127632141
0.8571428656578064
0.8405796885490417
0.7761194109916687
0.8620689511299133
0.800000011920929
0.84375
0.790123462677002
0.8585858345031738
0.8358209133148193
0.8125
0.9324324131011963
0.7857142686843872
0.9189189076423645
0.8627451062202454
0.7777777910232544
0.9115044474601746
0.8064516186714172
0.7857142686843872
0.9200000166893005
0.936170220375061
0.8571428656578064
0.8235294222831726
0.8928571343421936
0.8333333134651184
0.8888888955116272
0.8571428656578064
0.800000011920929
0.9178082346916199
0.90625
0.8918918967247009
0.9701492786407471
0.8947368264198303
0.9215686321258545
0.8275862336158752
0.8055555820465088
0.8333333134651184
0.6875
0.9135802388191223
0.8888888955116272
0.8095238208770752
0.6153846383094788
0.875
0.8518518805503845
0.8947368264198303
0.7647058963775635
0.9756097793579102
0.875
0.8636363744735718
0.75
0.8461538553237915
0.8857142925262451
0.761904776096344
0.8846153616905212
0.800000011920929
0.6153846383094788
0.6666666865348816
0.800000011920929
0.8399999737739563
0.8771929740905762
0.8928571343421936
0.875
0.9399999976158142
0.782608687877655
0.875
0.9591836929321289
0.8709677457809448
0.8888888955116272
0.8947368264198303
0.8292682766914368
0.7647058963775635
0.9354838728904724
0.8571428656578064
0.8666666746139526
0.8999999761581421
0.9024389982223511
0.9024389982223511
0.8965517282485962
0.8863636255264282
0.84375
0.949999988079071
0.625
0.9473684430122375
0.8333333134651184
0.8809523582458496
0.6666666865348816
0.8125
0.8421052694320679
0.8333333134651184
0.9166666865348816
0.8461538553237915
0.8518518805503845
0.9230769276618958
0.7222222089767456
0.9032257795333862
0.7857142686843872
0.8918918967247009
0.7435897588729858
0.8390804529190063
0.828125
0.774193525314331
0.834782600402832
0.9230769276618958
0.7636363506317139
0.7551020383834839
0.5555555820465088
0.6714285612106323
0.75
0.7714285850524902
0.6000000238418579
0.8999999761581421
0.8068181872367859
0.7368420958518982
0.6800000071525574
0.8142856955528259
0.8360655903816223
0.7749999761581421
0.7804877758026123
0.8478260636329651
0.9333333373069763
0.8305084705352783
0.7222222089767456
0.7111111283302307
0.8148148059844971
0.75
0.8055555820465088
0.6590909361839294
0.7272727489471436
0.8387096524238586
0.7948718070983887
0.71875
0.7749999761581421
0.75
0.8799999952316284
0.7307692170143127
0.8219178318977356
0.8059701323509216
0.8717948794364929
0.8536585569381714
0.8571428656578064
0.7777777910232544
0.9104477763175964
0.8611111044883728
0.8571428656578064
0.800000011920929
0.7547169923782349
0.8414633870124817
0.8157894611358643
0.7659574747085571
0.8125
0.7037037014961243
0.8392857313156128
0.8703703880310059
0.8524590134620667
0.9074074029922485
0.8888888955116272
0.9032257795333862
0.890625
0.9130434989929199
0.71875
0.9230769276618958
0.9347826242446899
0.800000011920929
0.7894737124443054
0.8666666746139526
0.6666666865348816
0.8409090638160706
0.8292682766914368
0.8600000143051147
0.8979591727256775
0.9433962106704712
0.8260869383811951
0.8181818127632141
0.875
0.8421052694320679
0.7727272510528564
0.7647058963775635
0.9047619104385376
0.8235294222831726
0.9607843160629272
0.8125
0.9512194991111755
0.9444444179534912
0.9368420839309692
0.8709677457809448
0.8571428656578064
0.8421052694320679
0.8709677457809448
0.925000011920929
0.8684210777282715
0.8695651888847351
0.800000011920929
0.9024389982223511
0.7272727489471436
0.695652186870575
0.8815789222717285
0.7857142686843872
0.9245283007621765
0.8888888955116272
0.9682539701461792
0.8181818127632141
0.7727272510528564
0.8648648858070374
0.6785714030265808
0.9354838728904724
0.9367088675498962
0.8732394576072693
0.9146341681480408
0.9375
0.8702290058135986
0.868852436542511
0.9411764740943909
0.930232584476471
0.9607843160629272
0.8518518805503845
0.8809523582458496
0.75
0.9382715821266174
0.782608687877655
0.9298245906829834
0.8571428656578064
0.90625
0.8999999761581421
0.7857142686843872
0.7666666507720947
0.8666666746139526
0.875
0.8809523582458496
0.7222222089767456
0.6666666865348816
0.75
0.9117646813392639
0.8999999761581421
0.8974359035491943
0.8571428656578064
0.800000011920929
0.7647058963775635
0.9090909361839294
0.8235294222831726
0.8461538553237915
0.8125
0.9375
0.8857142925262451
0.5789473652839661
0.5882353186607361
0.892307698726654
0.7254902124404907
0.9024389982223511
0.7599999904632568
0.8909090757369995
0.875
0.8636363744735718
0.8399999737739563
0.8928571343421936
0.800000011920929
0.739130437374115
0.800000011920929
0.7058823704719543
0.9333333373069763
0.90625
0.8387096524238586
0.9259259104728699
0.9166666865348816
0.739130437374115
0.5714285969734192
0.8510638475418091
0.8666666746139526
0.7704917788505554
0.949999988079071
0.800000011920929
0.9024389982223511
0.8846153616905212
0.9444444179534912
0.8500000238418579
0.8125
0.8333333134651184
0.8947368264198303
0.8571428656578064
0.6842105388641357
0.800000011920929
0.8717948794364929
0.90625
0.8571428656578064
0.8275862336158752
0.8823529481887817
0.9459459185600281
0.8857142925262451
0.8636363744735718
0.875
0.800000011920929
0.9032257795333862
0.9230769276618958
0.8863636255264282
0.8514851331710815
0.8235294222831726
0.7599999904632568
0.9629629850387573
0.9032257795333862
0.8679245114326477
0.920634925365448
0.8571428656578064
0.8275862336158752
0.8666666746139526
0.8947368264198303
0.800000011920929
0.7222222089767456
0.7333333492279053
0.692307710647583
0.6969696879386902
0.6315789222717285
0.7333333492279053
0.48275861144065857
0.7692307829856873
0.7941176295280457
0.550000011920929
0.800000011920929
0.5714285969734192
0.692307710647583
0.800000011920929
0.8518518805503845
0.7428571581840515
0.5
0.5483871102333069
0.8095238208770752
0.7567567825317383
0.8363636136054993
0.746268630027771
0.6857143044471741
0.4545454680919647
0.5714285969734192
0.6857143044471741
0.7647058963775635
0.6666666865348816
0.6111111044883728
0.7727272510528564
0.5833333134651184
0.7916666865348816
0.699999988079071
0.7096773982048035
0.46666666865348816
0.8837209343910217
0.7777777910232544
0.7272727489471436
0.7021276354789734
0.9069767594337463
0.6730769276618958
0.6000000238418579
0.6764705777168274
0.7027027010917664
0.699999988079071
0.5454545617103577
0.692307710647583
0.7157894968986511
0.760869562625885
0.75
0.6206896305084229
0.692307710647583
0.6216216087341309
0.5199999809265137
0.8064516186714172
0.6521739363670349
0.6666666865348816
0.7647058963775635
0.761904776096344
0.607594907283783
0.8484848737716675
0.6363636255264282
0.7407407164573669
0.6969696879386902
0.8500000238418579
0.5789473652839661
0.6578947305679321
0.6764705777168274
0.5925925970077515
0.5625
0.6666666865348816
0.5517241358757019
0.8192771077156067
0.800000011920929
0.7924528121948242
0.8103448152542114
0.739130437374115
0.5555555820465088
0.8571428656578064
0.90625
0.774193525314331
0.7333333492279053
0.6458333134651184
0.7179487347602844
0.5897436141967773
0.4399999976158142
0.6875
0.807692289352417
0.75
0.7714285850524902
0.6428571343421936
0.71875
0.8196721076965332
0.8484848737716675
0.6896551847457886
0.8775510191917419
0.8333333134651184
0.7333333492279053
0.8571428656578064
0.8666666746139526
0.8260869383811951
0.8620689511299133
0.7419354915618896
0.9354838728904724
0.8536585569381714
0.7058823704719543
0.6521739363670349
0.8153846263885498
0.7777777910232544
0.8292682766914368
0.9090909361839294
0.800000011920929
0.7857142686843872
0.6666666865348816
0.8656716346740723
0.8857142925262451
0.8333333134651184
0.5
0.800000011920929
0.6153846383094788
0.9032257795333862
0.7575757503509521
0.8666666746139526
0.8780487775802612
0.8999999761581421
0.9512194991111755
0.8039215803146362
0.8125
0.828125
0.8461538553237915
0.8723404407501221
0.8405796885490417
0.9354838728904724
0.8715596199035645
0.7972972989082336
0.9523809552192688
0.8529411554336548
0.7407407164573669
0.8518518805503845
0.849056601524353
0.8214285969734192
0.8392857313156128
0.8658536672592163
0.7058823704719543
