0.9166666865348816
0.9555555582046509
0.8611111044883728
0.9047619104385376
0.800000011920929
0.824999988079071
0.8823529481887817
0.9268292784690857
0.8813559412956238
0.9024389982223511
0.9230769276618958
0.9142857193946838
0.8947368264198303
0.8918918967247009
0.8333333134651184
0.8799999952316284
0.8695651888847351
0.9523809552192688
0.8965517282485962
0.8518518805503845
0.9444444179534912
0.8333333134651184
0.8399999737739563
0.8387096524238586
0.9210526347160339
0.9166666865348816
0.8500000238418579
0.84375
0.75
0.8421052694320679
0.9591836929321289
0.7142857313156128
0.9264705777168274
0.8125
0.800000011920929
0.90625
0.8636363744735718
0.9545454382896423
0.9473684430122375
0.8837209343910217
0.9473684430122375
0.7727272510528564
0.9111111164093018
0.8333333134651184
0.8260869383811951
0.9285714030265808
0.9200000166893005
0.9130434989929199
0.9444444179534912
0.8181818127632141
0.9130434989929199
0.9111111164093018
0.875
0.9347826242446899
0.9130434989929199
0.8235294222831726
0.774193525314331
0.9107142686843872
0.9047619104385376
0.9200000166893005
0.8787878751754761
0.9245283007621765
0.8399999737739563
0.9285714030265808
0.9122806787490845
0.8333333134651184
0.8571428656578064
0.9538461565971375
0.7647058963775635
0.891566276550293
0.7894737124443054
0.8965517282485962
0.807692289352417
0.9158878326416016
0.8936170339584351
0.90625
0.9622641801834106
0.8846153616905212
0.8529411554336548
0.875
0.7878788113594055
0.8947368264198303
0.8846153616905212
0.8823529481887817
0.8999999761581421
0.9142857193946838
0.8695651888847351
0.90625
0.9459459185600281
0.9411764740943909
0.8799999952316284
0.9428571462631226
0.8999999761581421
0.9122806787490845
0.8125
0.9245283007621765
0.9130434989929199
0.8620689511299133
0.9428571462631226
0.9230769276618958
0.8999999761581421
0.800000011920929
0.800000011920929
0.9230769276618958
0.8235294222831726
0.9333333373069763
0.8620689511299133
0.8461538553237915
0.7222222089767456
0.8888888955116272
0.5
0.8235294222831726
0.8936170339584351
0.9111111164093018
0.9019607901573181
0.8888888955116272
0.9024389982223511
0.9591836929321289
0.9069767594337463
0.8604651093482971
0.9024389982223511
0.9369369149208069
0.8979591727256775
0.9166666865348816
0.9230769276618958
0.9473684430122375
0.9375
0.8703703880310059
0.8947368264198303
0.8478260636329651
0.9473684430122375
0.898876428604126
0.8620689511299133
0.936170220375061
0.800000011920929
0.9090909361839294
0.9074074029922485
0.8636363744735718
0.8695651888847351
0.807692289352417
0.7647058963775635
0.75
0.9444444179534912
0.8461538553237915
0.8571428656578064
0.8399999737739563
0.8333333134651184
0.8500000238418579
0.6666666865348816
0.9473684430122375
0.84375
0.9230769276618958
0.9466666579246521
0.8181818127632141
0.84375
0.8636363744735718
0.699999988079071
0.9090909361839294
0.6666666865348816
0.8333333134651184
0.8928571343421936
0.75
0.8695651888847351
0.931506872177124
0.8823529481887817
0.8947368264198303
0.8064516186714172
0.8666666746139526
0.8928571343421936
0.8333333134651184
0.8823529481887817
0.8125
0.8983050584793091
0.8444444537162781
0.8938053250312805
0.9655172228813171
0.8867924809455872
0.9624999761581421
0.8661417365074158
0.9108911156654358
0.8835616707801819
0.9285714030265808
0.8644067645072937
0.9130434989929199
0.7666666507720947
0.931034505367279
0.8405796885490417
0.9418604373931885
0.8571428656578064
0.9134615659713745
0.9357798099517822
0.8805969953536987
0.9399999976158142
0.800000011920929
0.84375
0.875
0.9166666865348816
0.75
0.875
0.89552241563797
0.9130434989929199
0.8666666746139526
0.9275362491607666
0.8666666746139526
0.8333333134651184
0.7777777910232544
0.9375
0.9387755393981934
0.9117646813392639
0.8928571343421936
0.9215686321258545
0.925000011920929
0.9014084339141846
0.9130434989929199
0.8947368264198303
0.8888888955116272
0.8666666746139526
0.8372092843055725
0.9300000071525574
0.9130434989929199
0.800000011920929
0.9285714030265808
0.9259259104728699
0.8181818127632141
0.9230769276618958
0.8888888955116272
0.9324324131011963
0.807692289352417
0.9166666865348816
0.8888888955116272
0.9433962106704712
0.8695651888847351
0.9166666865348816
0.9333333373069763
0.8235294222831726
0.9375
0.9375
0.925000011920929
0.8999999761581421
0.9272727370262146
0.8918918967247009
0.9117646813392639
0.8684210777282715
0.9285714030265808
0.8260869383811951
0.9591836929321289
0.875
0.8947368264198303
0.7894737124443054
0.8965517282485962
0.8333333134651184
0.9090909361839294
0.8235294222831726
0.9482758641242981
0.8888888955116272
0.7894737124443054
0.8888888955116272
0.6451612710952759
0.8709677457809448
0.8813559412956238
0.9318181872367859
0.9090909361839294
0.8636363744735718
0.9333333373069763
0.8947368264198303
0.9090909361839294
0.8181818127632141
0.8536585569381714
0.9130434989929199
0.9253731369972229
0.800000011920929
0.9200000166893005
0.8148148059844971
0.7142857313156128
0.90625
0.71875
0.9200000166893005
0.8648648858070374
0.90625
0.8333333134651184
0.9473684430122375
0.7777777910232544
0.9117646813392639
0.9186046719551086
0.9032257795333862
0.7317073345184326
0.8888888955116272
0.9047619104385376
0.9069767594337463
0.8913043737411499
0.9534883499145508
0.8928571343421936
0.8780487775802612
0.8507462739944458
0.8260869383811951
0.875
0.859649121761322
0.8571428656578064
0.8260869383811951
0.75
0.9054054021835327
0.8823529481887817
0.7894737124443054
0.8888888955116272
0.9142857193946838
0.9176470637321472
0.9411764740943909
0.8148148059844971
0.8333333134651184
0.8958333134651184
0.8333333134651184
0.8484848737716675
0.8857142925262451
0.8433734774589539
0.8333333134651184
0.9166666865348816
0.8387096524238586
0.8999999761581421
0.6842105388641357
0.6000000238418579
0.8636363744735718
0.8636363744735718
0.9130434989929199
0.9200000166893005
0.8974359035491943
0.9487179517745972
0.8965517282485962
0.8648648858070374
0.8333333134651184
0.8421052694320679
0.8333333134651184
0.9534883499145508
0.849056601524353
0.8999999761581421
0.8857142925262451
0.8943089246749878
0.9285714030265808
0.90625
0.9210526347160339
0.9504950642585754
0.9272727370262146
0.9366196990013123
0.8095238208770752
0.8222222328186035
0.8636363744735718
0.8113207817077637
0.9295774698257446
0.8795180916786194
0.9729729890823364
0.8026315569877625
0.8898305296897888
0.800000011920929
0.9454545378684998
0.9210526347160339
0.7857142686843872
0.875
0.800000011920929
0.6153846383094788
0.8888888955116272
0.8947368264198303
0.8604651093482971
0.800000011920929
0.9130434989929199
0.9230769276618958
0.9230769276618958
0.8235294222831726
0.9459459185600281
0.8421052694320679
0.8999999761581421
0.8260869383811951
0.695652186870575
0.9285714030265808
0.84375
0.8260869383811951
0.875
0.8372092843055725
0.800000011920929
0.7894737124443054
0.8333333134651184
0.8823529481887817
0.7222222089767456
0.6315789222717285
0.9117646813392639
0.7796609997749329
0.774193525314331
0.8500000238418579
0.9032257795333862
0.8271604776382446
0.8064516186714172
0.8484848737716675
0.8461538553237915
0.8235294222831726
0.8999999761581421
0.90625
0.9411764740943909
0.7285714149475098
0.7407407164573669
0.8888888955116272
0.71875
0.7777777910232544
0.7692307829856873
0.6818181872367859
0.8518518805503845
0.8979591727256775
0.8795180916786194
0.7096773982048035
0.7222222089767456
0.8064516186714172
0.7848101258277893
0.8518518805503845
0.8444444537162781
0.8987341523170471
0.9268292784690857
0.739130437374115
0.7272727489471436
0.8108108043670654
0.7678571343421936
0.7435897588729858
0.699999988079071
0.8636363744735718
0.875
0.7777777910232544
0.8500000238418579
0.8823529481887817
0.84375
0.875
0.7857142686843872
0.8196721076965332
0.8222222328186035
0.5333333611488342
0.8095238208770752
0.8064516186714172
0.8484848737716675
0.8125
0.8399999737739563
0.7037037014961243
0.8428571224212646
0.8588235378265381
0.8857142925262451
0.8809523582458496
0.9016393423080444
0.8285714387893677
0.6666666865348816
0.8333333134651184
0.875
0.8888888955116272
0.9102563858032227
0.8333333134651184
0.8500000238418579
0.949999988079071
0.914893627166748
0.8500000238418579
0.8333333134651184
0.8709677457809448
0.9090909361839294
0.8999999761581421
0.8709677457809448
0.8235294222831726
0.9166666865348816
0.9264705777168274
0.7368420958518982
0.7272727489471436
0.7777777910232544
0.8421052694320679
0.8899999856948853
0.8888888955116272
0.9142857193946838
0.8983050584793091
0.9090909361839294
0.8181818127632141
0.8163265585899353
0.7777777910232544
0.8813559412956238
0.5
0.875
0.5555555820465088
0.7692307829856873
0.8461538553237915
0.931034505367279
0.949999988079071
0.78125
0.9047619104385376
0.942307710647583
0.8235294222831726
0.8421052694320679
0.800000011920929
0.9583333134651184
0.8913043737411499
0.918367326259613
0.8636363744735718
0.8421052694320679
0.918367326259613
0.8653846383094788
0.8837209343910217
0.8703703880310059
0.8604651093482971
0.8979591727256775
0.9375
0.8653846383094788
0.7555555701255798
0.9607843160629272
0.9347826242446899
0.9038461446762085
0.949999988079071
0.8952381014823914
0.9387755393981934
0.859649121761322
0.8260869383811951
0.9130434989929199
0.9019607901573181
0.8823529481887817
0.8723404407501221
0.8367347121238708
0.8235294222831726
0.9285714030265808
0.9200000166893005
0.9038461446762085
0.9038461446762085
0.7368420958518982
0.8888888955116272
0.8478260636329651
0.9019607901573181
0.9583333134651184
0.9111111164093018
0.9387755393981934
0.8125
0.9230769276618958
0.8817204236984253
0.9784946441650391
0.9347826242446899
0.9558823704719543
0.9583333134651184
0.9624999761581421
0.949999988079071
0.8979591727256775
0.9345794320106506
0.939130425453186
0.9382715821266174
0.9545454382896423
0.945652186870575
0.8829787373542786
0.9069767594337463
0.8679245114326477
0.9238095283508301
0.8928571343421936
0.938144326210022
0.9175257682800293
0.9100000262260437
0.868852436542511
0.8196721076965332
0.945652186870575
0.9242424368858337
0.9166666865348816
0.9275362491607666
0.8805969953536987
0.8620689511299133
0.800000011920929
0.84375
0.8518518805503845
0.9090909361839294
0.9402984976768494
0.8541666865348816
0.9729729890823364
0.9047619104385376
0.9459459185600281
0.9019607901573181
0.8148148059844971
0.9469026327133179
0.8306451439857483
0.7857142686843872
0.9200000166893005
0.957446813583374
0.8214285969734192
0.8235294222831726
0.9404761791229248
0.8333333134651184
0.8888888955116272
0.8285714387893677
0.925000011920929
0.931506872177124
0.90625
0.9189189076423645
0.9701492786407471
0.9122806787490845
0.9215686321258545
0.9137930870056152
0.9166666865348816
0.8888888955116272
0.75
0.9506173133850098
0.9259259104728699
0.8571428656578064
0.5384615659713745
0.9166666865348816
0.8888888955116272
0.8421052694320679
0.8823529481887817
0.9756097793579102
0.875
0.8636363744735718
0.875
0.8461538553237915
0.9428571462631226
0.8095238208770752
0.8461538553237915
0.800000011920929
0.7692307829856873
0.8888888955116272
0.8999999761581421
0.9200000166893005
0.9298245906829834
0.9107142686843872
0.875
0.9599999785423279
0.8695651888847351
0.921875
0.9591836929321289
0.9354838728904724
0.8333333134651184
0.8947368264198303
0.8536585569381714
0.7647058963775635
0.9354838728904724
0.9047619104385376
0.8666666746139526
0.9200000166893005
0.9268292784690857
0.9512194991111755
0.9137930870056152
0.9318181872367859
0.84375
0.949999988079071
0.75
0.9473684430122375
0.8333333134651184
0.9047619104385376
0.800000011920929
0.875
0.8421052694320679
0.75
0.949999988079071
0.7692307829856873
0.8888888955116272
0.9538461565971375
0.7777777910232544
0.9032257795333862
0.8571428656578064
0.837837815284729
0.8461538553237915
0.9080459475517273
0.875
0.9032257795333862
0.9130434989929199
0.9538461565971375
0.8181818127632141
0.8367347121238708
0.7777777910232544
0.7857142686843872
0.75
0.800000011920929
0.5333333611488342
0.9111111164093018
0.8636363744735718
0.8684210777282715
0.800000011920929
0.8714285492897034
0.9016393423080444
0.887499988079071
0.8292682766914368
0.8913043737411499
0.8666666746139526
0.9322034120559692
0.6666666865348816
0.7777777910232544
0.8888888955116272
0.8712121248245239
0.9444444179534912
0.8181818127632141
0.8181818127632141
0.8709677457809448
0.8461538553237915
0.90625
0.8500000238418579
0.800000011920929
0.8999999761581421
0.8461538553237915
0.8904109597206116
0.8805969953536987
0.94017094373703
0.8902438879013062
0.920634925365448
0.8055555820465088
0.9029850959777832
0.9166666865348816
0.8571428656578064
0.75
0.8679245114326477
0.9146341681480408
0.9210526347160339
0.7872340679168701
0.84375
0.8703703880310059
0.875
0.9074074029922485
0.868852436542511
0.8703703880310059
0.8611111044883728
0.9354838728904724
0.90625
0.9130434989929199
0.875
0.9230769276618958
0.9347826242446899
0.8999999761581421
0.8421052694320679
0.9111111164093018
0.7777777910232544
0.8863636255264282
0.9268292784690857
0.9399999976158142
0.9591836929321289
0.9433962106704712
0.8695651888847351
0.8636363744735718
0.875
0.8947368264198303
0.9090909361839294
0.8823529481887817
0.9047619104385376
0.8823529481887817
0.9607843160629272
0.75
0.9512194991111755
0.9513888955116272
0.9473684430122375
0.9354838728904724
0.8095238208770752
0.8947368264198303
0.9032257795333862
0.925000011920929
0.9473684430122375
0.9130434989929199
0.800000011920929
0.9512194991111755
0.8484848737716675
0.8695651888847351
0.9473684430122375
0.7857142686843872
0.9245283007621765
0.9259259104728699
0.9682539701461792
0.8787878751754761
0.8636363744735718
0.9189189076423645
0.8571428656578064
0.9354838728904724
0.949367105960846
0.9436619877815247
0.9390243887901306
0.9375
0.9007633328437805
0.9180327653884888
0.9411764740943909
0.9534883499145508
0.9607843160629272
0.9074074029922485
0.9523809552192688
0.800000011920929
0.9382715821266174
0.782608687877655
0.9649122953414917
0.8571428656578064
0.90625
0.8999999761581421
0.8571428656578064
0.8666666746139526
0.8666666746139526
0.84375
0.9523809552192688
0.8333333134651184
0.800000011920929
0.8269230723381042
0.9117646813392639
0.8999999761581421
0.9230769276618958
0.9285714030265808
0.8500000238418579
0.7352941036224365
0.8961039185523987
0.8823529481887817
0.8846153616905212
0.75
0.9375
0.9142857193946838
0.6315789222717285
0.7647058963775635
0.9384615421295166
0.8235294222831726
0.9268292784690857
0.8399999737739563
0.9454545378684998
0.8333333134651184
0.9318181872367859
0.8799999952316284
0.8928571343421936
0.8857142925262451
0.782608687877655
0.800000011920929
0.6470588445663452
0.8999999761581421
0.9375
0.8387096524238586
0.9259259104728699
0.9333333373069763
0.9130434989929199
0.6666666865348816
0.936170220375061
0.9333333373069763
0.8196721076965332
0.949999988079071
0.8399999737739563
0.9146341681480408
0.9230769276618958
0.9166666865348816
0.8999999761581421
0.8125
0.9166666865348816
0.9473684430122375
0.8095238208770752
0.7894737124443054
0.8666666746139526
0.9230769276618958
0.9375
0.9285714030265808
0.8620689511299133
0.8823529481887817
0.9459459185600281
0.8857142925262451
0.8636363744735718
0.9375
0.8285714387893677
0.9032257795333862
0.9487179517745972
0.9318181872367859
0.8811880946159363
0.8823529481887817
0.9200000166893005
0.9629629850387573
0.9032257795333862
0.9245283007621765
0.920634925365448
0.9047619104385376
0.8620689511299133
0.8666666746139526
0.8421052694320679
0.8666666746139526
0.7777777910232544
0.8666666746139526
0.7692307829856873
0.9090909361839294
0.7368420958518982
0.800000011920929
0.5517241358757019
0.692307710647583
0.7647058963775635
0.75
0.800000011920929
0.6428571343421936
0.807692289352417
0.8363636136054993
0.8148148059844971
0.9428571462631226
0.5909090638160706
0.5483871102333069
0.8571428656578064
0.8648648858070374
0.8545454740524292
0.8656716346740723
0.800000011920929
0.5757575631141663
0.7142857313156128
0.8285714387893677
0.8235294222831726
0.8333333134651184
0.8333333134651184
0.8636363744735718
0.8055555820465088
0.8958333134651184
0.8500000238418579
0.7419354915618896
0.7333333492279053
0.9069767594337463
0.8518518805503845
0.8484848737716675
0.7446808218955994
0.895348846912384
0.7884615659713745
0.7200000286102295
0.8235294222831726
0.837837815284729
0.7749999761581421
0.5909090638160706
0.7692307829856873
0.8105263113975525
0.8260869383811951
0.75
0.6551724076271057
0.807692289352417
0.7837837934494019
0.6399999856948853
0.9032257795333862
0.782608687877655
0.7777777910232544
0.7647058963775635
0.7142857313156128
0.7721518874168396
0.8484848737716675
0.7878788113594055
0.7777777910232544
0.8181818127632141
0.8500000238418579
0.8947368264198303
0.7631579041481018
0.8235294222831726
0.6296296119689941
0.75
0.8571428656578064
0.6551724076271057
0.9036144614219666
0.9230769276618958
0.9056603908538818
0.8275862336158752
0.804347813129425
0.7777777910232544
0.9285714030265808
0.9270833134651184
0.9032257795333862
0.8222222328186035
0.7708333134651184
0.8717948794364929
0.7435897588729858
0.5199999809265137
0.875
0.8846153616905212
0.75
0.800000011920929
0.7142857313156128
0.734375
0.9016393423080444
0.9090909361839294
0.7931034564971924
0.8367347121238708
0.8333333134651184
0.800000011920929
0.9047619104385376
0.8999999761581421
0.8260869383811951
0.931034505367279
0.8387096524238586
0.9516128897666931
0.9024389982223511
0.6470588445663452
0.695652186870575
0.8615384697914124
0.6666666865348816
0.7804877758026123
0.8636363744735718
0.8857142925262451
0.8214285969734192
0.8333333134651184
0.9253731369972229
0.8857142925262451
0.939393937587738
0.800000011920929
0.824999988079071
0.7692307829856873
0.9354838728904724
0.939393937587738
0.8666666746139526
0.9024389982223511
0.8999999761581421
0.9512194991111755
0.7647058963775635
0.8125
0.890625
0.8269230723381042
0.9202127456665039
0.8985507488250732
0.9435483813285828
0.9266055226325989
0.8783783912658691
0.9523809552192688
0.9264705777168274
0.7407407164573669
0.9259259104728699
0.9056603908538818
0.9285714030265808
0.9285714030265808
0.9268292784690857
0.8823529481887817
