0.9375
0.9555555582046509
0.8333333134651184
0.9047619104385376
0.8666666746139526
0.824999988079071
0.9117646813392639
0.9024389982223511
0.9322034120559692
0.9512194991111755
0.9487179517745972
0.8857142925262451
0.8947368264198303
0.9189189076423645
0.8666666746139526
0.9200000166893005
0.9130434989929199
0.9523809552192688
0.8965517282485962
0.8888888955116272
0.9444444179534912
0.8333333134651184
0.8399999737739563
0.9354838728904724
0.9210526347160339
0.875
0.875
0.875
0.875
0.8421052694320679
0.9387755393981934
0.7142857313156128
0.9558823704719543
0.875
0.8999999761581421
0.90625
0.8181818127632141
0.9545454382896423
0.9473684430122375
0.8604651093482971
0.9736841917037964
0.8181818127632141
0.9111111164093018
0.8333333134651184
0.8695651888847351
0.9285714030265808
0.8799999952316284
0.9130434989929199
0.9444444179534912
0.8181818127632141
0.9130434989929199
0.8888888955116272
0.8958333134651184
0.9130434989929199
0.9130434989929199
0.8235294222831726
0.9032257795333862
0.9285714030265808
0.9047619104385376
0.9200000166893005
0.9090909361839294
0.9245283007621765
0.9200000166893005
0.9285714030265808
0.9298245906829834
0.8333333134651184
0.8857142925262451
0.9538461565971375
0.8235294222831726
0.9277108311653137
0.8947368264198303
0.8965517282485962
0.8461538553237915
0.9252336621284485
0.914893627166748
0.9375
0.9622641801834106
0.9230769276618958
0.8823529481887817
0.875
0.8484848737716675
0.8421052694320679
0.8846153616905212
0.9117646813392639
0.8999999761581421
0.9428571462631226
0.8695651888847351
0.9375
0.9459459185600281
0.9411764740943909
0.8799999952316284
0.9428571462631226
0.8799999952316284
0.9473684430122375
0.8125
0.9433962106704712
0.9130434989929199
0.8793103694915771
0.9428571462631226
0.9230769276618958
0.8999999761581421
0.8999999761581421
0.800000011920929
0.9487179517745972
0.8235294222831726
0.9166666865348816
0.8275862336158752
0.8846153616905212
0.7777777910232544
0.9259259104728699
0.5833333134651184
0.8823529481887817
0.8936170339584351
0.9333333373069763
0.9411764740943909
0.8888888955116272
0.9268292784690857
0.9523809552192688
0.930232584476471
0.8488371968269348
0.9024389982223511
0.9639639854431152
0.8979591727256775
0.9166666865348816
0.9230769276618958
0.9624060392379761
0.9375
0.9074074029922485
0.8947368264198303
0.8478260636329651
0.9473684430122375
0.9438202381134033
0.8965517282485962
0.936170220375061
0.7333333492279053
0.9090909361839294
0.9444444179534912
0.8636363744735718
0.9130434989929199
0.8461538553237915
0.7058823704719543
0.7916666865348816
0.9444444179534912
0.8846153616905212
0.8857142925262451
0.8399999737739563
0.8888888955116272
0.8500000238418579
0.7333333492279053
0.9473684430122375
0.90625
0.9230769276618958
0.9066666960716248
0.8636363744735718
0.90625
0.8636363744735718
0.8999999761581421
0.8636363744735718
0.6666666865348816
0.8333333134651184
0.8928571343421936
0.7857142686843872
0.8260869383811951
0.9452054500579834
0.8823529481887817
0.8947368264198303
0.8064516186714172
0.8666666746139526
0.8928571343421936
0.8611111044883728
0.9411764740943909
0.875
0.9322034120559692
0.9333333373069763
0.9203540086746216
0.9655172228813171
0.8867924809455872
0.9624999761581421
0.913385808467865
0.9306930899620056
0.8972602486610413
0.9642857313156128
0.8983050584793091
0.8985507488250732
0.8666666746139526
0.9482758641242981
0.9275362491607666
0.9534883499145508
0.8872180581092834
0.942307710647583
0.9541284441947937
0.8507462739944458
0.9399999976158142
0.8399999737739563
0.84375
0.8500000238418579
0.9270833134651184
0.800000011920929
0.875
0.9104477763175964
0.8913043737411499
0.8666666746139526
0.8840579986572266
0.8666666746139526
0.8999999761581421
0.8333333134651184
0.90625
0.9387755393981934
0.8823529481887817
0.9285714030265808
0.9411764740943909
0.925000011920929
0.9154929518699646
0.8913043737411499
0.8947368264198303
0.8888888955116272
0.8666666746139526
0.8604651093482971
0.949999988079071
0.9130434989929199
0.800000011920929
0.9285714030265808
0.8888888955116272
0.8181818127632141
0.9230769276618958
0.9166666865348816
0.9459459185600281
0.8846153616905212
0.9583333134651184
0.9333333373069763
0.9622641801834106
0.8260869383811951
0.9166666865348816
0.9466666579246521
0.8235294222831726
0.90625
0.9375
0.925000011920929
0.925000011920929
0.9454545378684998
0.8918918967247009
0.9411764740943909
0.8947368264198303
0.9285714030265808
0.8260869383811951
0.9591836929321289
0.875
0.8947368264198303
0.8421052694320679
0.931034505367279
0.75
0.9090909361839294
0.8823529481887817
0.9482758641242981
0.8888888955116272
0.8421052694320679
0.9629629850387573
0.8709677457809448
0.9354838728904724
0.8983050584793091
0.9545454382896423
0.9318181872367859
0.9090909361839294
0.9333333373069763
0.9473684430122375
0.939393937587738
0.9090909361839294
0.9024389982223511
0.9347826242446899
0.9402984976768494
0.800000011920929
0.8799999952316284
0.9259259104728699
0.8571428656578064
0.90625
0.84375
0.9200000166893005
0.9189189076423645
0.90625
0.7777777910232544
0.9473684430122375
0.8518518805503845
0.9264705777168274
0.9534883499145508
0.9032257795333862
0.7804877758026123
0.9166666865348816
0.9285714030265808
0.9534883499145508
0.8913043737411499
0.930232584476471
0.9285714030265808
0.8536585569381714
0.89552241563797
0.8260869383811951
0.9134615659713745
0.9122806787490845
0.9142857193946838
0.8260869383811951
0.8125
0.9324324131011963
0.8823529481887817
0.8947368264198303
0.9259259104728699
0.9142857193946838
0.9529411792755127
0.9411764740943909
0.8518518805503845
0.8333333134651184
0.9375
0.8333333134651184
0.939393937587738
0.8857142925262451
0.8674699068069458
0.8055555820465088
0.9166666865348816
0.9032257795333862
0.8999999761581421
0.8947368264198303
0.6000000238418579
0.8636363744735718
0.9090909361839294
0.9347826242446899
0.9200000166893005
0.8974359035491943
0.9487179517745972
0.8965517282485962
0.8918918967247009
0.875
0.8947368264198303
0.8333333134651184
0.9534883499145508
0.8867924809455872
0.8999999761581421
0.8857142925262451
0.9105691313743591
0.9285714030265808
0.90625
0.9210526347160339
0.9603960514068604
0.9636363387107849
0.9577465057373047
0.8809523582458496
0.8888888955116272
0.8863636255264282
0.8679245114326477
0.9154929518699646
0.9156626462936401
0.9459459185600281
0.8684210777282715
0.9322034120559692
0.8399999737739563
0.9272727370262146
0.8684210777282715
0.8095238208770752
0.925000011920929
0.800000011920929
0.7692307829856873
0.8888888955116272
0.8947368264198303
0.8837209343910217
0.800000011920929
0.9347826242446899
0.9230769276618958
0.942307710647583
0.8235294222831726
0.9189189076423645
0.8421052694320679
0.925000011920929
0.8695651888847351
0.8260869383811951
0.9285714030265808
0.875
0.8260869383811951
0.875
0.8372092843055725
0.75
0.8421052694320679
0.8333333134651184
0.8823529481887817
0.7777777910232544
0.7368420958518982
0.9117646813392639
0.7966101765632629
0.8387096524238586
0.887499988079071
0.9354838728904724
0.8765432238578796
0.9032257795333862
0.8787878751754761
0.9230769276618958
0.8235294222831726
0.8666666746139526
0.9375
0.9607843160629272
0.7714285850524902
0.8024691343307495
0.8888888955116272
0.84375
0.7777777910232544
0.692307710647583
0.7727272510528564
0.9259259104728699
0.9387755393981934
0.891566276550293
0.8548387289047241
0.8333333134651184
0.8709677457809448
0.8354430198669434
0.8518518805503845
0.8666666746139526
0.9367088675498962
0.9268292784690857
0.8260869383811951
0.8181818127632141
0.8648648858070374
0.8928571343421936
0.8205128312110901
0.8500000238418579
0.8181818127632141
0.925000011920929
0.8611111044883728
0.824999988079071
0.8823529481887817
0.8125
0.8888888955116272
0.8571428656578064
0.8852459192276001
0.9555555582046509
0.6000000238418579
0.8809523582458496
0.8387096524238586
0.8787878751754761
0.90625
0.8399999737739563
0.7407407164573669
0.8857142925262451
0.8823529481887817
0.9428571462631226
0.9285714030265808
0.9180327653884888
0.9142857193946838
0.7777777910232544
0.8571428656578064
0.8958333134651184
0.9166666865348816
0.9487179517745972
0.8571428656578064
0.800000011920929
0.949999988079071
0.957446813583374
0.8500000238418579
0.7222222089767456
0.8709677457809448
0.9090909361839294
0.8666666746139526
0.9354838728904724
0.8235294222831726
0.9166666865348816
0.970588207244873
0.7894737124443054
0.7272727489471436
0.6666666865348816
0.8157894611358643
0.9399999976158142
0.9166666865348816
0.8857142925262451
0.9406779408454895
0.939393937587738
0.8181818127632141
0.8979591727256775
0.7777777910232544
0.8644067645072937
0.6000000238418579
0.875
0.5555555820465088
0.8461538553237915
0.8461538553237915
0.9655172228813171
0.9666666388511658
0.84375
0.9047619104385376
0.942307710647583
0.8529411554336548
0.8421052694320679
0.8999999761581421
0.9583333134651184
0.8913043737411499
0.9285714030265808
0.8181818127632141
0.8947368264198303
0.9591836929321289
0.9038461446762085
0.9069767594337463
0.8703703880310059
0.9069767594337463
0.918367326259613
0.9583333134651184
0.942307710647583
0.7555555701255798
0.9411764740943909
0.9347826242446899
0.9038461446762085
0.949999988079071
0.8952381014823914
0.9387755393981934
0.9122806787490845
0.8478260636329651
0.95652174949646
0.9019607901573181
0.9019607901573181
0.8936170339584351
0.8367347121238708
0.8823529481887817
0.9464285969734192
0.8999999761581421
0.9230769276618958
0.9230769276618958
0.7368420958518982
0.9333333373069763
0.8478260636329651
0.8823529481887817
0.9583333134651184
0.9333333373069763
0.9387755393981934
0.875
0.9615384340286255
0.8924731016159058
0.9677419066429138
0.9347826242446899
0.970588207244873
0.9666666388511658
0.949999988079071
0.949999988079071
0.8979591727256775
0.9439252614974976
0.95652174949646
0.9629629850387573
0.9545454382896423
0.95652174949646
0.914893627166748
0.9069767594337463
0.8679245114326477
0.9333333373069763
0.9107142686843872
0.938144326210022
0.9484536051750183
0.949999988079071
0.868852436542511
0.8852459192276001
0.95652174949646
0.9090909361839294
0.9523809552192688
0.9420289993286133
0.9253731369972229
0.8620689511299133
0.800000011920929
0.9375
0.9012345671653748
0.9595959782600403
0.9402984976768494
0.8958333134651184
0.9594594836235046
0.9285714030265808
0.9819819927215576
0.9019607901573181
0.8518518805503845
0.9469026327133179
0.9193548560142517
0.8571428656578064
0.9200000166893005
0.957446813583374
0.9107142686843872
0.8235294222831726
0.9523809552192688
0.8888888955116272
0.920634925365448
0.8857142925262451
0.925000011920929
0.9726027250289917
0.9375
0.9189189076423645
0.9701492786407471
0.9649122953414917
0.9411764740943909
0.931034505367279
0.9166666865348816
0.9444444179534912
0.8125
0.9506173133850098
0.9259259104728699
0.8571428656578064
0.7692307829856873
0.9166666865348816
0.9259259104728699
0.8421052694320679
0.8235294222831726
0.9756097793579102
0.875
0.9090909361839294
0.875
0.8461538553237915
0.9428571462631226
0.8095238208770752
0.9230769276618958
0.800000011920929
0.7692307829856873
0.8333333134651184
0.8999999761581421
0.9200000166893005
0.9473684430122375
0.9285714030265808
0.8999999761581421
0.9599999785423279
0.8695651888847351
0.9375
0.9591836929321289
0.9354838728904724
0.8888888955116272
0.8947368264198303
0.8536585569381714
0.8235294222831726
0.9193548560142517
0.9047619104385376
0.8666666746139526
0.9599999785423279
0.9024389982223511
0.9512194991111755
0.9655172228813171
0.9090909361839294
0.9375
0.949999988079071
0.75
0.9473684430122375
0.8333333134651184
0.9285714030265808
0.800000011920929
0.875
0.8421052694320679
0.8333333134651184
0.9333333373069763
0.8461538553237915
0.8888888955116272
0.9538461565971375
0.7777777910232544
0.9354838728904724
0.875
0.9189189076423645
0.8205128312110901
0.9080459475517273
0.875
0.9193548560142517
0.9217391014099121
0.9384615421295166
0.8545454740524292
0.8571428656578064
0.8888888955116272
0.8142856955528259
0.800000011920929
0.8571428656578064
0.6000000238418579
0.8999999761581421
0.8863636255264282
0.8947368264198303
0.8399999737739563
0.9285714030265808
0.9344262480735779
0.925000011920929
0.8780487775802612
0.9130434989929199
0.9333333373069763
0.9322034120559692
0.8333333134651184
0.8444444537162781
0.8888888955116272
0.8712121248245239
0.9444444179534912
0.8636363744735718
0.8181818127632141
0.9354838728904724
0.8974359035491943
0.90625
0.8999999761581421
0.8999999761581421
0.9200000166893005
0.8653846383094788
0.9452054500579834
0.8805969953536987
0.9572649598121643
0.9390243887901306
0.9682539701461792
0.9027777910232544
0.9402984976768494
0.9166666865348816
0.8571428656578064
0.8999999761581421
0.8867924809455872
0.9390243887901306
0.9210526347160339
0.8723404407501221
0.859375
0.8888888955116272
0.9285714030265808
0.9259259104728699
0.9016393423080444
0.9259259104728699
0.9444444179534912
0.9354838728904724
0.953125
0.9130434989929199
0.9375
0.9230769276618958
0.95652174949646
0.8999999761581421
0.8947368264198303
0.8888888955116272
0.8888888955116272
0.9090909361839294
0.9512194991111755
0.9200000166893005
0.9591836929321289
0.9433962106704712
0.9130434989929199
0.8636363744735718
0.875
0.8947368264198303
0.8863636255264282
0.8823529481887817
0.9047619104385376
0.8823529481887817
0.9607843160629272
0.8125
0.9512194991111755
0.9791666865348816
0.9684210419654846
0.9354838728904724
0.8095238208770752
0.8421052694320679
0.9354838728904724
0.925000011920929
0.9473684430122375
0.9130434989929199
0.800000011920929
0.9512194991111755
0.8787878751754761
0.8260869383811951
0.9736841917037964
0.7857142686843872
0.9622641801834106
0.9259259104728699
0.9682539701461792
0.939393937587738
0.9318181872367859
0.9189189076423645
0.8214285969734192
0.9354838728904724
0.9620253443717957
0.9436619877815247
0.9756097793579102
0.9375
0.9236640930175781
0.9344262480735779
0.9411764740943909
0.9534883499145508
0.9607843160629272
0.9444444179534912
0.9523809552192688
0.75
0.9506173133850098
0.782608687877655
0.9473684430122375
0.9047619104385376
0.90625
0.8999999761581421
0.8571428656578064
0.8999999761581421
0.8666666746139526
0.90625
0.9523809552192688
0.8888888955116272
0.800000011920929
0.8461538553237915
0.9117646813392639
0.8999999761581421
0.9615384340286255
0.8928571343421936
0.8500000238418579
0.8235294222831726
0.948051929473877
0.9215686321258545
0.9038461446762085
0.8125
0.9375
0.9428571462631226
0.7368420958518982
0.8235294222831726
0.9538461565971375
0.8627451062202454
0.9512194991111755
0.8399999737739563
0.9454545378684998
0.8333333134651184
0.9545454382896423
0.8799999952316284
0.8928571343421936
0.8571428656578064
0.8695651888847351
0.800000011920929
0.7647058963775635
0.9333333373069763
0.9375
0.9032257795333862
0.9259259104728699
0.9333333373069763
0.9130434989929199
0.8095238208770752
0.936170220375061
0.9333333373069763
0.8852459192276001
0.949999988079071
0.8399999737739563
0.9268292784690857
0.9230769276618958
0.9444444179534912
0.925000011920929
0.875
0.9166666865348816
0.9473684430122375
0.9047619104385376
0.7368420958518982
0.8666666746139526
0.8717948794364929
0.9375
0.9285714030265808
0.8275862336158752
0.8823529481887817
0.9459459185600281
0.9428571462631226
0.8636363744735718
0.9375
0.8285714387893677
0.9032257795333862
0.9487179517745972
0.9318181872367859
0.9207921028137207
0.8823529481887817
0.9200000166893005
0.9629629850387573
0.9354838728904724
0.9245283007621765
0.9365079402923584
0.9047619104385376
0.8275862336158752
0.8666666746139526
0.8421052694320679
0.8333333134651184
0.7222222089767456
0.8999999761581421
0.8461538553237915
0.8787878751754761
0.7894737124443054
0.8999999761581421
0.7241379022598267
0.7692307829856873
0.8529411554336548
0.800000011920929
0.800000011920929
0.6428571343421936
0.7307692170143127
0.8909090757369995
0.8703703880310059
0.9428571462631226
0.6818181872367859
0.7419354915618896
0.8571428656578064
0.8648648858070374
0.9454545378684998
0.9104477763175964
0.8285714387893677
0.6969696879386902
0.7857142686843872
0.8190476298332214
0.8823529481887817
0.8333333134651184
0.8333333134651184
0.8636363744735718
0.9166666865348816
0.9375
0.8999999761581421
0.774193525314331
0.6000000238418579
0.9069767594337463
0.9074074029922485
0.8484848737716675
0.8085106611251831
0.9418604373931885
0.942307710647583
0.7200000286102295
0.8823529481887817
0.7837837934494019
0.824999988079071
0.7727272510528564
0.8461538553237915
0.8842105269432068
0.8695651888847351
0.8333333134651184
0.7931034564971924
0.7307692170143127
0.7837837934494019
0.7200000286102295
0.9032257795333862
0.782608687877655
0.7777777910232544
0.7647058963775635
0.761904776096344
0.8227847814559937
0.8787878751754761
0.7878788113594055
0.8518518805503845
0.8181818127632141
0.8999999761581421
0.8947368264198303
0.8421052694320679
0.8823529481887817
0.7407407164573669
0.75
0.8571428656578064
0.7241379022598267
0.9156626462936401
0.892307698726654
0.9056603908538818
0.8965517282485962
0.8260869383811951
0.6666666865348816
0.9523809552192688
0.9270833134651184
0.8709677457809448
0.8444444537162781
0.8333333134651184
0.8717948794364929
0.8589743375778198
0.6800000071525574
0.875
0.8846153616905212
0.75
0.8857142925262451
0.8571428656578064
0.828125
0.9016393423080444
0.9090909361839294
0.8620689511299133
0.8979591727256775
0.8333333134651184
0.8666666746139526
0.9047619104385376
0.8999999761581421
0.8695651888847351
0.8965517282485962
0.8709677457809448
0.9677419066429138
0.9512194991111755
0.7647058963775635
0.8695651888847351
0.9230769276618958
0.7777777910232544
0.8780487775802612
0.8636363744735718
0.9142857193946838
0.875
0.8333333134651184
0.9402984976768494
0.9142857193946838
0.9545454382896423
0.800000011920929
0.824999988079071
0.8461538553237915
0.9569892287254333
0.939393937587738
0.9333333373069763
0.9268292784690857
0.8999999761581421
0.9512194991111755
0.8039215803146362
0.875
0.890625
0.8846153616905212
0.9468085169792175
0.9420289993286133
0.9596773982048035
0.9449541568756104
0.9054054021835327
0.9682539701461792
0.9264705777168274
0.8148148059844971
0.9259259104728699
0.9245283007621765
0.9285714030265808
0.9464285969734192
0.9024389982223511
0.8823529481887817
