0.3958333432674408
0.9111111164093018
0.3888888955116272
0.761904776096344
0.3333333432674408
0.675000011920929
0.7941176295280457
0.4146341383457184
0.5254237055778503
0.4146341383457184
0.4615384638309479
0.37142857909202576
0.8947368264198303
0.7567567825317383
0.5333333611488342
0.7200000286102295
0.782608687877655
0.5952380895614624
0.48275861144065857
0.29629629850387573
0.5833333134651184
0.5
0.7599999904632568
0.35483869910240173
0.42105263471603394
0.875
0.550000011920929
0.4375
0.5833333134651184
0.31578946113586426
0.6734693646430969
0.3333333432674408
0.8529411554336548
0.5625
0.6000000238418579
0.4375
0.40909090638160706
0.5909090638160706
0.3947368562221527
0.5116279125213623
0.3815789520740509
0.40909090638160706
0.3333333432674408
0.4166666567325592
0.52173912525177
0.5
0.4399999976158142
0.52173912525177
0.5277777910232544
0.3636363744735718
0.8695651888847351
0.5111111402511597
0.4166666567325592
0.45652174949645996
0.6086956262588501
0.44117647409439087
0.32258063554763794
0.7678571343421936
0.6190476417541504
0.800000011920929
0.39393940567970276
0.698113203048706
0.47999998927116394
0.5357142686843872
0.4736842215061188
0.3888888955116272
0.5714285969734192
0.4923076927661896
0.4117647111415863
0.6144578456878662
0.42105263471603394
0.48275861144065857
0.5384615659713745
0.5046728849411011
0.27659574151039124
0.4375
0.6792452931404114
0.4615384638309479
0.5588235259056091
0.5
0.4848484992980957
0.5789473652839661
0.6153846383094788
0.7647058963775635
0.75
0.4571428596973419
0.695652186870575
0.390625
0.7297297120094299
0.7941176295280457
0.47999998927116394
0.6285714507102966
0.6600000262260437
0.5964912176132202
0.625
0.6037735939025879
0.782608687877655
0.43103447556495667
0.48571428656578064
0.5384615659713745
0.5249999761581421
0.6000000238418579
0.5199999809265137
0.43589743971824646
0.6470588445663452
0.699999988079071
0.3448275923728943
0.38461539149284363
0.3888888955116272
0.5925925970077515
0.4166666567325592
0.4117647111415863
0.6382978558540344
0.5222222208976746
0.6274510025978088
0.3777777850627899
0.5853658318519592
0.6190476417541504
0.8604651093482971
0.44186046719551086
0.6097561120986938
0.477477490901947
0.40816327929496765
0.7166666388511658
0.4615384638309479
0.5939849615097046
0.7916666865348816
0.6481481194496155
0.7368420958518982
0.52173912525177
0.6842105388641357
0.49438202381134033
0.48275861144065857
0.8723404407501221
0.5333333611488342
0.8863636255264282
0.6111111044883728
0.5
0.47826087474823
0.807692289352417
0.4117647111415863
0.5833333134651184
0.5
0.5769230723381042
0.6571428775787354
0.6800000071525574
0.3888888955116272
0.4000000059604645
0.2666666805744171
0.6578947305679321
0.59375
0.7692307829856873
0.4266666769981384
0.4545454680919647
0.84375
0.6818181872367859
0.3499999940395355
0.7272727489471436
0.4444444477558136
0.75
0.6071428656578064
0.4642857015132904
0.43478259444236755
0.5890411138534546
0.529411792755127
0.7368420958518982
0.7096773982048035
0.6333333253860474
0.5714285969734192
0.6944444179534912
0.6176470518112183
0.40625
0.6101694703102112
0.6888889074325562
0.47787609696388245
0.37931033968925476
0.43396225571632385
0.612500011920929
0.5039370059967041
0.603960394859314
0.5068492889404297
0.5357142686843872
0.5423728823661804
0.5942028760910034
0.3333333432674408
0.7931034564971924
0.5507246255874634
0.7209302186965942
0.6842105388641357
0.5
0.5688073635101318
0.6567164063453674
0.6600000262260437
0.6000000238418579
0.671875
0.4749999940395355
0.78125
0.44999998807907104
0.625
0.5522388219833374
0.52173912525177
0.30000001192092896
0.52173912525177
0.699999988079071
0.4333333373069763
0.6666666865348816
0.90625
0.7142857313156128
0.4117647111415863
0.6071428656578064
0.7647058963775635
0.44999998807907104
0.7183098793029785
0.5652173757553101
0.42105263471603394
0.25925925374031067
0.3333333432674408
0.4883720874786377
0.75
0.8695651888847351
0.2666666805744171
0.8214285969734192
0.7407407164573669
0.4545454680919647
0.42307692766189575
0.4861111044883728
0.5810810923576355
0.5384615659713745
0.8541666865348816
0.800000011920929
0.6226415038108826
0.6086956262588501
0.5416666865348816
0.5866666436195374
0.7647058963775635
0.78125
0.53125
0.875
0.550000011920929
0.6909090876579285
0.4324324429035187
0.47058823704719543
0.6052631735801697
0.6428571343421936
0.6086956262588501
0.7346938848495483
0.8125
0.8421052694320679
0.31578946113586426
0.6896551847457886
0.6666666865348816
0.8636363744735718
0.5882353186607361
0.8103448152542114
0.5
0.4736842215061188
0.6296296119689941
0.32258063554763794
0.6129032373428345
0.6440678238868713
0.5
0.4318181872367859
0.5
0.6666666865348816
0.21052631735801697
0.8787878751754761
0.6000000238418579
0.46341463923454285
0.54347825050354
0.7910447716712952
0.6666666865348816
0.6399999856948853
0.5925925970077515
0.6428571343421936
0.53125
0.34375
0.6399999856948853
0.2432432472705841
0.53125
0.5555555820465088
0.8157894611358643
0.37037035822868347
0.6323529481887817
0.43023255467414856
0.6451612710952759
0.6097561120986938
0.8055555820465088
0.5476190447807312
0.4651162922382355
0.739130437374115
0.5581395626068115
0.5714285969734192
0.8292682766914368
0.4029850661754608
0.41304346919059753
0.6634615659713745
0.7894737124443054
0.4571428596973419
0.32608696818351746
0.5
0.8243243098258972
0.7058823704719543
0.4736842215061188
0.7777777910232544
0.4571428596973419
0.658823549747467
0.8382353186607361
0.7037037014961243
0.3333333432674408
0.5208333134651184
0.8333333134651184
0.3636363744735718
0.2857142984867096
0.45783132314682007
0.3333333432674408
0.5833333134651184
0.3870967626571655
0.699999988079071
0.3684210479259491
0.5333333611488342
0.40909090638160706
0.5454545617103577
0.30434781312942505
0.6800000071525574
0.5128205418586731
0.5641025900840759
0.6551724076271057
0.3243243098258972
0.6666666865348816
0.42105263471603394
0.5833333134651184
0.7441860437393188
0.7547169923782349
0.8500000238418579
0.5714285969734192
0.6341463327407837
0.5
0.46875
0.4736842215061188
0.5841584205627441
0.6818181872367859
0.8380281925201416
0.6904761791229248
0.4888888895511627
0.4318181872367859
0.6792452931404114
0.5352112650871277
0.7951807379722595
0.47297295928001404
0.5526315569877625
0.5677965879440308
0.4000000059604645
0.7090908885002136
0.6578947305679321
0.523809552192688
0.574999988079071
0.25
0.6153846383094788
0.5555555820465088
0.4736842215061188
0.44186046719551086
0.6000000238418579
0.5652173757553101
0.38461539149284363
0.5384615659713745
0.47058823704719543
0.7027027010917664
0.5263158082962036
0.42500001192092896
0.5869565010070801
0.47826087474823
0.7142857313156128
0.5625
0.3913043439388275
0.625
0.5116279125213623
0.6499999761581421
0.5789473652839661
0.4444444477558136
0.5882353186607361
0.3333333432674408
0.3684210479259491
0.47058823704719543
0.4406779706478119
0.6129032373428345
0.4375
0.4516128897666931
0.37037035822868347
0.4838709533214569
0.42424243688583374
0.42307692766189575
0.3921568691730499
0.5333333611488342
0.5
0.5490196347236633
0.3571428656578064
0.34567901492118835
0.6111111044883728
0.34375
0.40740740299224854
0.4615384638309479
0.3636363744735718
0.7037037014961243
0.4897959232330322
0.45783132314682007
0.4677419364452362
0.6666666865348816
0.4193548262119293
0.6202531456947327
0.37037035822868347
0.42222222685813904
0.5696202516555786
0.5853658318519592
0.3913043439388275
0.4545454680919647
0.6216216087341309
0.4107142984867096
0.3333333432674408
0.3499999940395355
0.3181818127632141
0.3499999940395355
0.3472222089767456
0.5249999761581421
0.7647058963775635
0.3125
0.4444444477558136
0.4285714328289032
0.5245901346206665
0.644444465637207
0.46666666865348816
0.4523809552192688
0.3870967626571655
0.3333333432674408
0.5
0.47999998927116394
0.48148149251937866
0.3285714387893677
0.364705890417099
0.5428571701049805
0.523809552192688
0.44262295961380005
0.6571428775787354
0.4444444477558136
0.380952388048172
0.4166666567325592
0.5
0.5512820482254028
0.5
0.4000000059604645
0.6499999761581421
0.4680851101875305
0.550000011920929
0.5
0.5483871102333069
0.5
0.5666666626930237
0.4838709533214569
0.529411792755127
0.6666666865348816
0.5
0.5263158082962036
0.4545454680919647
0.6666666865348816
0.5789473652839661
0.5600000023841858
0.4722222089767456
0.48571428656578064
0.6525423526763916
0.4848484992980957
0.6363636255264282
0.4897959232330322
0.4444444477558136
0.6779661178588867
0.30000001192092896
0.5833333134651184
0.3333333432674408
0.5384615659713745
0.7692307829856873
0.7241379022598267
0.6166666746139526
0.59375
0.380952388048172
0.5
0.5
0.6315789222717285
0.4000000059604645
0.5416666865348816
0.30434781312942505
0.5510203838348389
0.40909090638160706
0.7894737124443054
0.26530611515045166
0.48076921701431274
0.4651162922382355
0.5925925970077515
0.6511628031730652
0.6530612111091614
0.5
0.4615384638309479
0.35555556416511536
0.4313725531101227
0.47826087474823
0.6538461446762085
0.7333333492279053
0.5142857432365417
0.3469387888908386
0.5263158082962036
0.30434781312942505
0.695652186870575
0.5098039507865906
0.4313725531101227
0.42553192377090454
0.5918367505073547
0.5098039507865906
0.5357142686843872
0.41999998688697815
0.36538460850715637
0.557692289352417
0.5263158082962036
0.7111111283302307
0.41304346919059753
0.5686274766921997
0.8541666865348816
0.4888888895511627
0.8367347121238708
0.3958333432674408
0.38461539149284363
0.5376344323158264
0.5913978219032288
0.760869562625885
0.4117647111415863
0.49166667461395264
0.574999988079071
0.7099999785423279
0.5918367505073547
0.6355140209197998
0.8695651888847351
0.40740740299224854
0.5636363625526428
0.44565218687057495
0.38297873735427856
0.5581395626068115
0.6792452931404114
0.5333333611488342
0.75
0.44329896569252014
0.49484536051750183
0.5
0.4590163826942444
0.7049180269241333
0.47826087474823
0.42424243688583374
0.4404761791229248
0.5072463750839233
0.447761207818985
0.5517241358757019
0.6333333253860474
0.5
0.5061728358268738
0.5656565427780151
0.611940324306488
0.6041666865348816
0.5540540814399719
0.7142857313156128
0.522522509098053
0.7254902124404907
0.6666666865348816
0.8318583965301514
0.35483869910240173
0.7857142686843872
0.7599999904632568
0.5319148898124695
0.5178571343421936
0.7647058963775635
0.726190447807312
0.5833333134651184
0.6666666865348816
0.5142857432365417
0.44999998807907104
0.4383561611175537
0.59375
0.5675675868988037
0.7014925479888916
0.6140350699424744
0.686274528503418
0.6896551847457886
0.4444444477558136
0.5277777910232544
0.5
0.5555555820465088
0.5925925970077515
0.6190476417541504
0.3076923191547394
0.5
0.6296296119689941
0.5263158082962036
0.529411792755127
0.6707317233085632
0.5
0.6363636255264282
0.625
0.6153846383094788
0.7428571581840515
0.5714285969734192
0.5
0.800000011920929
0.38461539149284363
0.3333333432674408
0.5333333611488342
0.6000000238418579
0.8421052694320679
0.5892857313156128
0.574999988079071
0.7200000286102295
0.782608687877655
0.828125
0.7346938848495483
0.5806451439857483
0.5555555820465088
0.6842105388641357
0.5853658318519592
0.47058823704719543
0.725806474685669
0.7142857313156128
0.6666666865348816
0.6399999856948853
0.6341463327407837
0.707317054271698
0.6724137663841248
0.6590909361839294
0.5625
0.925000011920929
0.625
0.5526315569877625
0.6111111044883728
0.4761904776096344
0.4000000059604645
0.6875
0.6315789222717285
0.5
0.6166666746139526
0.5384615659713745
0.7777777910232544
0.692307710647583
0.5
0.5645161271095276
0.5357142686843872
0.4864864945411682
0.5384615659713745
0.7011494040489197
0.40625
0.4032258093357086
0.530434787273407
0.4923076927661896
0.6545454263687134
0.44897958636283875
0.48148149251937866
0.4285714328289032
0.44999998807907104
0.34285715222358704
0.3333333432674408
0.41111111640930176
0.46590909361839294
0.31578946113586426
0.5600000023841858
0.5
0.5245901346206665
0.7124999761581421
0.46341463923454285
0.6739130616188049
0.7333333492279053
0.7033898234367371
0.4444444477558136
0.5555555820465088
0.7407407164573669
0.47727271914482117
0.4722222089767456
0.34090909361839294
0.6363636255264282
0.5161290168762207
0.3076923191547394
0.375
0.4749999940395355
0.3499999940395355
0.36000001430511475
0.557692289352417
0.534246563911438
0.5223880410194397
0.5470085740089417
0.4146341383457184
0.523809552192688
0.5277777910232544
0.6268656849861145
0.4861111044883728
0.6428571343421936
0.6000000238418579
0.5660377144813538
0.40243902802467346
0.44736841320991516
0.3617021143436432
0.453125
0.3888888955116272
0.5
0.7222222089767456
0.6721311211585999
0.5925925970077515
0.3888888955116272
0.6774193644523621
0.390625
0.739130437374115
0.5
0.807692289352417
0.8913043737411499
0.4000000059604645
0.5789473652839661
0.5111111402511597
0.6666666865348816
0.7727272510528564
0.5121951103210449
0.6800000071525574
0.3265306055545807
0.5660377144813538
0.3478260934352875
0.5454545617103577
0.5
0.6842105388641357
0.7954545617103577
0.5882353186607361
0.7142857313156128
0.5882353186607361
0.7058823704719543
0.5
0.46341463923454285
0.6041666865348816
0.8842105269432068
0.8064516186714172
0.8095238208770752
0.5263158082962036
0.6774193644523621
0.875
0.7368420958518982
0.8260869383811951
0.3499999940395355
0.6585366129875183
0.4848484992980957
0.52173912525177
0.6052631735801697
0.3571428656578064
0.6037735939025879
0.6296296119689941
0.761904776096344
0.5757575631141663
0.3636363744735718
0.5675675868988037
0.6785714030265808
0.5806451439857483
0.49367088079452515
0.5211267471313477
0.6097561120986938
0.5
0.7022900581359863
0.8360655903816223
0.7647058963775635
0.6744186282157898
0.843137264251709
0.8518518805503845
0.8333333134651184
0.44999998807907104
0.5061728358268738
0.43478259444236755
0.5263158082962036
0.4285714328289032
0.75
0.44999998807907104
0.6428571343421936
0.46666666865348816
0.4000000059604645
0.5
0.4285714328289032
0.2222222238779068
0.20000000298023224
0.42307692766189575
0.7058823704719543
0.550000011920929
0.6666666865348816
0.2857142984867096
0.550000011920929
0.5
0.7792207598686218
0.6274510025978088
0.5769230723381042
0.8125
0.8125
0.8857142925262451
0.31578946113586426
0.4117647111415863
0.8615384697914124
0.6274510025978088
0.8780487775802612
0.4000000059604645
0.8181818127632141
0.5833333134651184
0.8181818127632141
0.6800000071525574
0.75
0.800000011920929
0.47826087474823
0.6666666865348816
0.47058823704719543
0.5666666626930237
0.6875
0.35483869910240173
0.5555555820465088
0.5
0.6086956262588501
0.2857142984867096
0.5106382966041565
0.699999988079071
0.44262295961380005
0.6000000238418579
0.47999998927116394
0.6097561120986938
0.807692289352417
0.5833333134651184
0.824999988079071
0.625
0.375
0.4736842215061188
0.5714285969734192
0.4736842215061188
0.2666666805744171
0.8205128312110901
0.46875
0.5714285969734192
0.48275861144065857
0.47058823704719543
0.7567567825317383
0.8571428656578064
0.8181818127632141
0.5208333134651184
0.48571428656578064
0.6774193644523621
0.5384615659713745
0.6818181872367859
0.5841584205627441
0.5882353186607361
0.5600000023841858
0.6666666865348816
0.6451612710952759
0.6226415038108826
0.3968254029750824
0.6666666865348816
0.6206896305084229
0.6666666865348816
0.5789473652839661
0.5
0.6666666865348816
0.6666666865348816
0.38461539149284363
0.5151515007019043
0.3684210479259491
0.5333333611488342
0.4137931168079376
0.5384615659713745
0.6470588445663452
0.44999998807907104
0.6000000238418579
0.2857142984867096
0.5
0.4545454680919647
0.6851851940155029
0.7428571581840515
0.3636363744735718
0.6451612710952759
0.6190476417541504
0.45945945382118225
0.4000000059604645
0.6865671873092651
0.4000000059604645
0.27272728085517883
0.5
0.4000000059604645
0.6470588445663452
0.4444444477558136
0.3333333432674408
0.40909090638160706
0.5277777910232544
0.7083333134651184
0.550000011920929
0.6129032373428345
0.3333333432674408
0.5348837375640869
0.5
0.4545454680919647
0.6170212626457214
0.8372092843055725
0.38461539149284363
0.4000000059604645
0.47058823704719543
0.4324324429035187
0.30000001192092896
0.3636363744735718
0.38461539149284363
0.3684210479259491
0.52173912525177
0.5833333134651184
0.37931033968925476
0.6538461446762085
0.6216216087341309
0.2800000011920929
0.6774193644523621
0.41304346919059753
0.4444444477558136
0.4117647111415863
0.6190476417541504
0.3291139304637909
0.6666666865348816
0.39393940567970276
0.48148149251937866
0.3030303120613098
0.550000011920929
0.5263158082962036
0.28947368264198303
0.6176470518112183
0.40740740299224854
0.5625
0.4761904776096344
0.3448275923728943
0.5180723071098328
0.6461538672447205
0.43396225571632385
0.5517241358757019
0.6086956262588501
0.3888888955116272
0.7857142686843872
0.4791666567325592
0.29032257199287415
0.42222222685813904
0.375
0.5384615659713745
0.3333333432674408
0.2800000011920929
0.6875
0.7692307829856873
0.550000011920929
0.6000000238418579
0.5
0.40625
0.37704917788505554
0.6363636255264282
0.3103448152542114
0.3265306055545807
0.5
0.46666666865348816
0.5
0.4000000059604645
0.6521739363670349
0.517241358757019
0.3870967626571655
0.6451612710952759
0.2195121943950653
0.5882353186607361
0.3913043439388275
0.5538461804389954
0.3333333432674408
0.5365853905677795
0.7272727489471436
0.4571428596973419
0.375
0.4166666567325592
0.5074626803398132
0.6285714507102966
0.6060606241226196
0.30000001192092896
0.4000000059604645
0.38461539149284363
0.602150559425354
0.39393940567970276
0.5
0.39024388790130615
0.800000011920929
0.6585366129875183
0.5882353186607361
0.6875
0.484375
0.4038461446762085
0.7553191781044006
0.43478259444236755
0.6209677457809448
0.60550457239151
0.44594594836235046
0.4920634925365448
0.47058823704719543
0.7037037014961243
0.5555555820465088
0.5660377144813538
0.4642857015132904
0.4285714328289032
0.4268292784690857
0.529411792755127
