0.75
0.9111111164093018
0.6666666865348816
0.6666666865348816
0.800000011920929
0.875
0.5882353186607361
0.9268292784690857
0.7966101765632629
0.9024389982223511
0.7948718070983887
0.5714285969734192
0.8421052694320679
0.837837815284729
0.6333333253860474
0.8399999737739563
0.8695651888847351
0.9047619104385376
0.8620689511299133
0.6666666865348816
0.6944444179534912
0.5555555820465088
0.6000000238418579
0.7096773982048035
0.8684210777282715
0.7083333134651184
0.625
0.75
0.6666666865348816
0.7894737124443054
0.7142857313156128
0.380952388048172
0.75
0.625
0.699999988079071
0.59375
0.6363636255264282
0.6590909361839294
0.6578947305679321
0.6279069781303406
0.6052631735801697
0.5909090638160706
0.8222222328186035
0.8333333134651184
0.5652173757553101
0.6785714030265808
0.47999998927116394
0.8260869383811951
0.5277777910232544
0.39393940567970276
0.9130434989929199
0.5777778029441833
0.5625
0.695652186870575
0.52173912525177
0.5588235259056091
0.4838709533214569
0.5714285969734192
0.9047619104385376
0.8799999952316284
0.8484848737716675
0.7924528121948242
0.8399999737739563
0.8928571343421936
0.7017543911933899
0.5555555820465088
0.6285714507102966
0.8461538553237915
0.5
0.6385542154312134
0.42105263471603394
0.8275862336158752
0.5384615659713745
0.5607476830482483
0.5744680762290955
0.875
0.6226415038108826
0.5384615659713745
0.5882353186607361
0.5833333134651184
0.5151515007019043
0.5526315569877625
0.692307710647583
0.6470588445663452
0.8999999761581421
0.7714285850524902
0.6521739363670349
0.859375
0.7027027010917664
0.9117646813392639
0.3199999928474426
0.8285714387893677
0.5799999833106995
0.719298243522644
0.5
0.8867924809455872
0.8260869383811951
0.517241358757019
0.5428571701049805
0.7692307829856873
0.6000000238418579
0.6000000238418579
0.6000000238418579
0.4871794879436493
0.4117647111415863
0.8833333253860474
0.5517241358757019
0.6538461446762085
0.4444444477558136
0.5925925970077515
0.3333333432674408
0.5
0.7446808218955994
0.7666666507720947
0.8039215803146362
0.7555555701255798
0.8292682766914368
0.918367326259613
0.4883720874786377
0.7209302186965942
0.8292682766914368
0.6216216087341309
0.8775510191917419
0.800000011920929
0.800000011920929
0.6616541147232056
0.7291666865348816
0.6481481194496155
0.7368420958518982
0.6086956262588501
0.8157894611358643
0.584269642829895
0.5517241358757019
0.8085106611251831
0.5333333611488342
0.9090909361839294
0.5740740895271301
0.8181818127632141
0.5652173757553101
0.5769230723381042
0.4117647111415863
0.5
0.75
0.807692289352417
0.48571428656578064
0.6800000071525574
0.5555555820465088
0.6000000238418579
0.5333333611488342
0.8947368264198303
0.53125
0.6153846383094788
0.6666666865348816
0.7272727489471436
0.71875
0.7272727489471436
0.699999988079071
0.6363636255264282
0.3333333432674408
0.75
0.7142857313156128
0.5714285969734192
0.739130437374115
0.8767123222351074
0.6470588445663452
0.6315789222717285
0.5806451439857483
0.7666666507720947
0.75
0.6111111044883728
0.6176470518112183
0.5
0.7966101765632629
0.5777778029441833
0.8230088353157043
0.8965517282485962
0.5377358198165894
0.6000000238418579
0.6614173054695129
0.7227723002433777
0.534246563911438
0.6964285969734192
0.7966101765632629
0.8405796885490417
0.5666666626930237
0.6896551847457886
0.7681159377098083
0.7906976938247681
0.5864661931991577
0.625
0.6880733966827393
0.611940324306488
0.8600000143051147
0.7200000286102295
0.59375
0.75
0.65625
0.6000000238418579
0.5833333134651184
0.7164179086685181
0.6739130616188049
0.7333333492279053
0.8550724387168884
0.699999988079071
0.6000000238418579
0.6666666865348816
0.75
0.6326530575752258
0.5588235259056091
0.7142857313156128
0.5686274766921997
0.625
0.7464788556098938
0.717391312122345
0.6315789222717285
0.8148148059844971
0.8666666746139526
0.6279069781303406
0.6700000166893005
0.739130437374115
0.8666666746139526
0.7857142686843872
0.5925925970077515
0.7272727489471436
0.5
0.6805555820465088
0.837837815284729
0.8846153616905212
0.7916666865348816
0.7777777910232544
0.7735849022865295
0.43478259444236755
0.5416666865348816
0.8266666531562805
0.8235294222831726
0.84375
0.71875
0.800000011920929
0.574999988079071
0.7636363506317139
0.7297297120094299
0.6470588445663452
0.7631579041481018
0.75
0.47826087474823
0.8571428656578064
0.375
0.7894737124443054
0.5263158082962036
0.8965517282485962
0.5
0.7727272510528564
0.8235294222831726
0.8448275923728943
0.6666666865348816
0.5263158082962036
0.8518518805503845
0.5161290168762207
0.5806451439857483
0.6610169410705566
0.7954545617103577
0.6818181872367859
0.5454545617103577
0.6000000238418579
0.5526315569877625
0.7575757503509521
0.5636363625526428
0.6585366129875183
0.804347813129425
0.8358209133148193
0.6000000238418579
0.6399999856948853
0.8888888955116272
0.7142857313156128
0.6875
0.40625
0.7200000286102295
0.4054054021835327
0.65625
0.5555555820465088
0.7105262875556946
0.5185185074806213
0.8676470518112183
0.5232558250427246
0.7096773982048035
0.707317054271698
0.5555555820465088
0.8809523582458496
0.8139534592628479
0.52173912525177
0.7441860437393188
0.7678571343421936
0.8048780560493469
0.7164179086685181
0.6086956262588501
0.682692289352417
0.6140350699424744
0.6857143044471741
0.5
0.6875
0.7432432174682617
0.7647058963775635
0.6842105388641357
0.8703703880310059
0.6285714507102966
0.6000000238418579
0.6911764740943909
0.7407407164573669
0.4166666567325592
0.7083333134651184
0.5
0.5151515007019043
0.800000011920929
0.5662650465965271
0.3333333432674408
0.625
0.5806451439857483
0.8333333134651184
0.4736842215061188
0.46666666865348816
0.7272727489471436
0.7272727489471436
0.54347825050354
0.6800000071525574
0.7179487347602844
0.7435897588729858
0.6896551847457886
0.6486486196517944
0.625
0.7894737124443054
0.5833333134651184
0.7441860437393188
0.6037735939025879
0.574999988079071
0.800000011920929
0.8292682766914368
0.7142857313156128
0.78125
0.6052631735801697
0.7821782231330872
0.7454545497894287
0.8802816867828369
0.6904761791229248
0.5777778029441833
0.5227272510528564
0.5849056839942932
0.6338028311729431
0.6385542154312134
0.9054054021835327
0.5526315569877625
0.6610169410705566
0.7200000286102295
0.8909090757369995
0.6842105388641357
0.6190476417541504
0.625
0.4749999940395355
0.5384615659713745
0.7037037014961243
0.5263158082962036
0.6511628031730652
0.699999988079071
0.739130437374115
0.5384615659713745
0.5192307829856873
0.3529411852359772
0.7297297120094299
0.5789473652839661
0.8999999761581421
0.6086956262588501
0.52173912525177
0.875
0.53125
0.43478259444236755
0.875
0.7906976938247681
0.6000000238418579
0.5263158082962036
0.6111111044883728
0.7058823704719543
0.4444444477558136
0.42105263471603394
0.6764705777168274
0.47457626461982727
0.5806451439857483
0.7875000238418579
0.774193525314331
0.4691357910633087
0.6774193644523621
0.5454545617103577
0.807692289352417
0.5686274766921997
0.6666666865348816
0.5104166865348816
0.6666666865348816
0.48571428656578064
0.6666666865348816
0.6111111044883728
0.625
0.6296296119689941
0.3076923191547394
0.3181818127632141
0.7777777910232544
0.6122449040412903
0.5421686768531799
0.5483871102333069
0.7777777910232544
0.4516128897666931
0.594936728477478
0.6296296119689941
0.31111112236976624
0.6582278609275818
0.707317054271698
0.3913043439388275
0.6363636255264282
0.7297297120094299
0.4285714328289032
0.41025641560554504
0.5
0.6363636255264282
0.5
0.7083333134651184
0.574999988079071
0.7058823704719543
0.5625
0.375
0.4285714328289032
0.5409836173057556
0.4888888895511627
0.3333333432674408
0.6428571343421936
0.6774193644523621
0.7878788113594055
0.46875
0.5600000023841858
0.5925925970077515
0.5
0.6235294342041016
0.6285714507102966
0.5476190447807312
0.49180328845977783
0.6285714507102966
0.5555555820465088
0.4365079402923584
0.5625
0.5
0.5512820482254028
0.6666666865348816
0.5
0.574999988079071
0.4893617033958435
0.3499999940395355
0.4444444477558136
0.6451612710952759
0.7272727489471436
0.8333333134651184
0.8709677457809448
0.529411792755127
0.7083333134651184
0.47058823704719543
0.5789473652839661
0.8181818127632141
0.3333333432674408
0.6052631735801697
0.8199999928474426
0.4722222089767456
0.48571428656578064
0.6186440587043762
0.42424243688583374
0.8181818127632141
0.6326530575752258
0.5555555820465088
0.5762711763381958
0.30000001192092896
0.625
0.4444444477558136
0.4615384638309479
0.8461538553237915
0.5344827771186829
0.6666666865348816
0.625
0.6190476417541504
0.5769230723381042
0.47058823704719543
0.7894737124443054
0.5333333611488342
0.75
0.45652174949645996
0.795918345451355
0.5454545617103577
0.6315789222717285
0.4897959232330322
0.48076921701431274
0.4651162922382355
0.5185185074806213
0.5348837375640869
0.7755101919174194
0.7083333134651184
0.557692289352417
0.4444444477558136
0.5490196347236633
0.760869562625885
0.5961538553237915
0.7333333492279053
0.761904776096344
0.4897959232330322
0.5263158082962036
0.43478259444236755
0.6739130616188049
0.6274510025978088
0.7843137383460999
0.5319148898124695
0.5714285969734192
0.5098039507865906
0.5178571343421936
0.8600000143051147
0.36538460850715637
0.6730769276618958
0.5263158082962036
0.6666666865348816
0.739130437374115
0.5490196347236633
0.5208333134651184
0.5333333611488342
0.7346938848495483
0.5833333134651184
0.7692307829856873
0.7419354915618896
0.6774193644523621
0.9130434989929199
0.6323529481887817
0.7083333134651184
0.737500011920929
0.75
0.7142857313156128
0.6822429895401001
0.782608687877655
0.9135802388191223
0.7727272510528564
0.739130437374115
0.563829779624939
0.8023256063461304
0.698113203048706
0.6666666865348816
0.7857142686843872
0.7835051417350769
0.6391752362251282
0.7599999904632568
0.6721311211585999
0.688524603843689
0.5869565010070801
0.5909090638160706
0.6071428656578064
0.8550724387168884
0.4029850661754608
0.8275862336158752
0.46666666865348816
0.8125
0.5555555820465088
0.7272727489471436
0.7313432693481445
0.6041666865348816
0.6486486196517944
0.6904761791229248
0.6396396160125732
0.5098039507865906
0.5925925970077515
0.752212405204773
0.5725806355476379
0.7857142686843872
0.8399999737739563
0.7659574747085571
0.7142857313156128
0.8823529481887817
0.6904761791229248
0.6944444179534912
0.7936508059501648
0.6857143044471741
0.5
0.767123281955719
0.75
0.8918918967247009
0.8805969953536987
0.6666666865348816
0.7843137383460999
0.6896551847457886
0.6111111044883728
0.4722222089767456
0.4375
0.7407407164573669
0.8518518805503845
0.6190476417541504
0.3076923191547394
0.7916666865348816
0.8148148059844971
0.5263158082962036
0.4117647111415863
0.7804877758026123
0.5625
0.8181818127632141
0.6875
0.8461538553237915
0.5714285969734192
0.761904776096344
0.6538461446762085
0.800000011920929
0.4615384638309479
0.5
0.6333333253860474
0.7599999904632568
0.7719298005104065
0.6785714030265808
0.8500000238418579
0.800000011920929
0.8695651888847351
0.78125
0.7346938848495483
0.774193525314331
0.6666666865348816
0.6842105388641357
0.5853658318519592
0.4117647111415863
0.6774193644523621
0.761904776096344
0.7333333492279053
0.7400000095367432
0.8536585569381714
0.7560975551605225
0.7931034564971924
0.6818181872367859
0.875
0.75
0.5
0.6578947305679321
0.7222222089767456
0.6428571343421936
0.46666666865348816
0.8125
0.4736842215061188
0.5833333134651184
0.8833333253860474
0.4615384638309479
0.7037037014961243
0.7692307829856873
0.5
0.7096773982048035
0.625
0.7837837934494019
0.5384615659713745
0.6321839094161987
0.671875
0.5967742204666138
0.695652186870575
0.7076923251152039
0.5454545617103577
0.5510203838348389
0.4444444477558136
0.6714285612106323
0.699999988079071
0.4571428596973419
0.5333333611488342
0.7444444298744202
0.7613636255264282
0.4736842215061188
0.4399999976158142
0.5428571701049805
0.7049180269241333
0.5375000238418579
0.6341463327407837
0.5869565010070801
0.6666666865348816
0.5508474707603455
0.5555555820465088
0.5555555820465088
0.8148148059844971
0.560606062412262
0.5555555820465088
0.5681818127632141
0.4848484992980957
0.6129032373428345
0.5641025900840759
0.6875
0.675000011920929
0.800000011920929
0.7799999713897705
0.5192307829856873
0.698630154132843
0.7611940503120422
0.6837607026100159
0.5487805008888245
0.8730158805847168
0.5972222089767456
0.7089552283287048
0.8611111044883728
0.6428571343421936
0.6499999761581421
0.5660377144813538
0.707317054271698
0.7105262875556946
0.42553192377090454
0.484375
0.6481481194496155
0.6071428656578064
0.6481481194496155
0.8196721076965332
0.9074074029922485
0.6666666865348816
0.8387096524238586
0.90625
0.739130437374115
0.625
0.9230769276618958
0.804347813129425
0.6666666865348816
0.7368420958518982
0.5333333611488342
0.7777777910232544
0.5909090638160706
0.6341463327407837
0.699999988079071
0.9591836929321289
0.7169811129570007
0.739130437374115
0.6363636255264282
0.875
0.6842105388641357
0.8636363744735718
0.529411792755127
0.761904776096344
0.7647058963775635
0.9607843160629272
0.4375
0.8658536672592163
0.9166666865348816
0.7473683953285217
0.6129032373428345
0.6190476417541504
0.6842105388641357
0.8064516186714172
0.7250000238418579
0.6578947305679321
0.695652186870575
0.550000011920929
0.8292682766914368
0.5757575631141663
0.52173912525177
0.75
0.5
0.8301886916160583
0.7407407164573669
0.8888888955116272
0.7575757503509521
0.8409090638160706
0.7027027010917664
0.5357142686843872
0.725806474685669
0.8101266026496887
0.6338028311729431
0.8780487775802612
0.921875
0.5954198241233826
0.7377049326896667
0.5882353186607361
0.8139534592628479
0.8235294222831726
0.7777777910232544
0.9047619104385376
0.6000000238418579
0.8888888955116272
0.6086956262588501
0.8245614171028137
0.9047619104385376
0.84375
0.6000000238418579
0.5714285969734192
0.6333333253860474
0.7333333492279053
0.71875
0.7857142686843872
0.3333333432674408
0.3333333432674408
0.5961538553237915
0.8235294222831726
0.75
0.7179487347602844
0.6071428656578064
0.699999988079071
0.6176470518112183
0.7922077775001526
0.6666666865348816
0.7115384340286255
0.6875
0.8125
0.8285714387893677
0.4736842215061188
0.529411792755127
0.7538461685180664
0.7450980544090271
0.9024389982223511
0.6399999856948853
0.8909090757369995
0.7083333134651184
0.7272727489471436
0.8399999737739563
0.8571428656578064
0.800000011920929
0.782608687877655
0.800000011920929
0.47058823704719543
0.8333333134651184
0.78125
0.7096773982048035
0.7037037014961243
0.7833333611488342
0.6521739363670349
0.3333333432674408
0.7234042286872864
0.8666666746139526
0.688524603843689
0.800000011920929
0.7599999904632568
0.8170731663703918
0.9230769276618958
0.6666666865348816
0.8500000238418579
0.5625
0.8333333134651184
0.7894737124443054
0.380952388048172
0.5789473652839661
0.7333333492279053
0.6666666865348816
0.78125
0.8571428656578064
0.6206896305084229
0.5882353186607361
0.8108108043670654
0.7142857313156128
0.5454545617103577
0.5833333134651184
0.7142857313156128
0.8709677457809448
0.7948718070983887
0.6818181872367859
0.7821782231330872
0.9117646813392639
0.5199999809265137
0.8518518805503845
0.9354838728904724
0.7924528121948242
0.682539701461792
0.8095238208770752
0.7241379022598267
0.6000000238418579
0.6842105388641357
0.6000000238418579
0.6111111044883728
0.5333333611488342
0.4615384638309479
0.5151515007019043
0.5789473652839661
0.6666666865348816
0.5517241358757019
0.6153846383094788
0.6764705777168274
0.32499998807907104
0.800000011920929
0.2857142984867096
0.692307710647583
0.6000000238418579
0.5925925970077515
0.5714285969734192
0.5
0.5483871102333069
0.761904776096344
0.6756756901741028
0.6181818246841431
0.6865671873092651
0.4571428596973419
0.3333333432674408
0.5714285969734192
0.561904788017273
0.6470588445663452
0.4444444477558136
0.7777777910232544
0.5
0.4722222089767456
0.5
0.6000000238418579
0.7096773982048035
0.4000000059604645
0.6511628031730652
0.8148148059844971
0.6969696879386902
0.44680851697921753
0.6395348906517029
0.5384615659713745
0.6000000238418579
0.6470588445663452
0.5945945978164673
0.625
0.40909090638160706
0.4615384638309479
0.43157893419265747
0.717391312122345
0.6666666865348816
0.5862069129943848
0.4615384638309479
0.6756756901741028
0.3199999928474426
0.8064516186714172
0.54347825050354
0.4444444477558136
0.529411792755127
0.6666666865348816
0.594936728477478
0.8181818127632141
0.5757575631141663
0.5185185074806213
0.6363636255264282
0.44999998807907104
0.42105263471603394
0.42105263471603394
0.5
0.40740740299224854
0.75
0.5714285969734192
0.3448275923728943
0.5662650465965271
0.7538461685180664
0.5471698045730591
0.5517241358757019
0.6304348111152649
0.4444444477558136
0.761904776096344
0.5833333134651184
0.6774193644523621
0.42222222685813904
0.4791666567325592
0.5641025900840759
0.6410256624221802
0.2800000011920929
0.6875
0.692307710647583
0.5
0.6857143044471741
0.5714285969734192
0.578125
0.5409836173057556
0.4545454680919647
0.517241358757019
0.795918345451355
0.5833333134651184
0.6666666865348816
0.738095223903656
0.8333333134651184
0.6086956262588501
0.48275861144065857
0.6774193644523621
0.8709677457809448
0.7804877758026123
0.529411792755127
0.52173912525177
0.6000000238418579
0.4444444477558136
0.5853658318519592
0.8181818127632141
0.6857143044471741
0.5357142686843872
0.625
0.8208954930305481
0.6857143044471741
0.5757575631141663
0.6000000238418579
0.625
0.4615384638309479
0.5161290168762207
0.4545454680919647
0.6333333253860474
0.5853658318519592
0.46666666865348816
0.8536585569381714
0.5098039507865906
0.625
0.765625
0.807692289352417
0.6223404407501221
0.6231883764266968
0.7338709831237793
0.5504587292671204
0.5135135054588318
0.8095238208770752
0.8676470518112183
0.7037037014961243
0.6296296119689941
0.8679245114326477
0.5714285969734192
0.6607142686843872
0.6097561120986938
0.529411792755127
