0.6458333134651184
0.8888888955116272
0.6388888955116272
0.7142857313156128
0.6666666865348816
0.675000011920929
0.7647058963775635
0.707317054271698
0.7288135886192322
0.7560975551605225
0.8205128312110901
0.8285714387893677
0.8947368264198303
0.7027027010917664
0.4000000059604645
0.6800000071525574
0.695652186870575
0.9285714030265808
0.8965517282485962
0.7037037014961243
0.75
0.8888888955116272
0.6800000071525574
0.7096773982048035
0.8947368264198303
0.75
0.625
0.59375
0.75
0.8421052694320679
0.795918345451355
0.761904776096344
0.8823529481887817
0.6875
0.6499999761581421
0.90625
0.6363636255264282
0.9090909361839294
0.6052631735801697
0.7209302186965942
0.7236841917037964
0.6818181872367859
0.7333333492279053
0.8333333134651184
0.5652173757553101
0.7142857313156128
0.5600000023841858
0.782608687877655
0.7777777910232544
0.6060606241226196
0.739130437374115
0.7111111283302307
0.6458333134651184
0.8695651888847351
0.739130437374115
0.6176470518112183
0.8387096524238586
0.6428571343421936
0.9047619104385376
0.7599999904632568
0.8787878751754761
0.8679245114326477
0.7599999904632568
0.8928571343421936
0.8070175647735596
0.7222222089767456
0.7428571581840515
0.800000011920929
0.6176470518112183
0.6867470145225525
0.7368420958518982
0.7931034564971924
0.807692289352417
0.6542056202888489
0.7872340679168701
0.65625
0.7735849022865295
0.7692307829856873
0.7352941036224365
0.5416666865348816
0.6363636255264282
0.7631579041481018
0.692307710647583
0.7352941036224365
0.8999999761581421
0.8285714387893677
0.739130437374115
0.71875
0.8918918967247009
0.8235294222831726
0.6800000071525574
0.9142857193946838
0.7200000286102295
0.8947368264198303
0.5625
0.9245283007621765
0.6521739363670349
0.6034482717514038
0.7714285850524902
0.8461538553237915
0.875
0.550000011920929
0.6399999856948853
0.692307710647583
0.8823529481887817
0.75
0.8620689511299133
0.5769230723381042
0.6111111044883728
0.5925925970077515
0.5
0.8529411554336548
0.8723404407501221
0.7444444298744202
0.7843137383460999
0.644444465637207
0.9024389982223511
0.8911564350128174
0.8139534592628479
0.895348846912384
0.9024389982223511
0.8018018007278442
0.918367326259613
0.7666666507720947
0.8615384697914124
0.8345864415168762
0.8333333134651184
0.7777777910232544
0.7631579041481018
0.804347813129425
0.9210526347160339
0.7865168452262878
0.7586206793785095
0.8723404407501221
0.5333333611488342
0.9090909361839294
0.6481481194496155
0.7727272510528564
0.6086956262588501
0.7307692170143127
0.7058823704719543
0.7083333134651184
0.8611111044883728
0.7307692170143127
0.6571428775787354
0.8399999737739563
0.6666666865348816
0.550000011920929
0.5333333611488342
0.7894737124443054
0.75
0.807692289352417
0.8799999952316284
0.7272727489471436
0.75
0.6818181872367859
0.550000011920929
0.6363636255264282
0.6666666865348816
0.75
0.8214285969734192
0.75
0.8260869383811951
0.7397260069847107
0.7647058963775635
0.8421052694320679
0.8387096524238586
0.800000011920929
0.6428571343421936
0.7222222089767456
0.6764705777168274
0.65625
0.7457627058029175
0.7555555701255798
0.6902654767036438
0.931034505367279
0.801886796951294
0.875
0.8188976645469666
0.7623762488365173
0.8493150472640991
0.7321428656578064
0.7966101765632629
0.7101449370384216
0.46666666865348816
0.9137930870056152
0.8985507488250732
0.930232584476471
0.7443609237670898
0.692307710647583
0.6972476840019226
0.6716417670249939
0.7400000095367432
0.7599999904632568
0.65625
0.6499999761581421
0.7604166865348816
0.6499999761581421
0.75
0.7761194109916687
0.8913043737411499
0.800000011920929
0.782608687877655
0.800000011920929
0.6666666865348816
0.5555555820465088
0.8125
0.6734693646430969
0.7941176295280457
0.8571428656578064
0.7254902124404907
0.7250000238418579
0.7042253613471985
0.717391312122345
0.6578947305679321
0.7407407164573669
0.8666666746139526
0.6976743936538696
0.7799999713897705
0.8695651888847351
0.7333333492279053
0.7857142686843872
0.5925925970077515
0.5909090638160706
0.6153846383094788
0.7222222089767456
0.7432432174682617
0.6538461446762085
0.7916666865348816
0.7777777910232544
0.8679245114326477
0.782608687877655
0.8333333134651184
0.8133333325386047
0.7647058963775635
0.84375
0.78125
0.8999999761581421
0.7250000238418579
0.9090909361839294
0.7297297120094299
0.7647058963775635
0.6578947305679321
0.7142857313156128
0.5652173757553101
0.7755101919174194
0.875
0.8421052694320679
0.7368420958518982
0.8620689511299133
0.5416666865348816
0.8636363744735718
0.8823529481887817
0.8620689511299133
0.7777777910232544
0.6842105388641357
0.8703703880310059
0.5483871102333069
0.8387096524238586
0.694915235042572
0.9545454382896423
0.9090909361839294
0.7727272510528564
0.8666666746139526
0.6052631735801697
0.7272727489471436
0.7090908885002136
0.6585366129875183
0.804347813129425
0.6716417670249939
0.7333333492279053
0.6399999856948853
0.7777777910232544
0.7857142686843872
0.84375
0.625
0.8799999952316284
0.6216216087341309
0.6875
0.7222222089767456
0.8157894611358643
0.8148148059844971
0.8529411554336548
0.6976743936538696
0.8064516186714172
0.8048780560493469
0.6944444179534912
0.8095238208770752
0.8372092843055725
0.8913043737411499
0.7209302186965942
0.8392857313156128
0.6097561120986938
0.7611940503120422
0.6304348111152649
0.7115384340286255
0.6842105388641357
0.7428571581840515
0.5
0.6875
0.7702702879905701
0.8823529481887817
0.7894737124443054
0.7962962985038757
0.7714285850524902
0.6352941393852234
0.7941176295280457
0.7777777910232544
0.75
0.6666666865348816
0.8333333134651184
0.6363636255264282
0.6571428775787354
0.7469879388809204
0.7222222089767456
0.8333333134651184
0.6129032373428345
0.9333333373069763
0.6842105388641357
0.5333333611488342
0.7727272510528564
0.6818181872367859
0.8695651888847351
0.7200000286102295
0.6666666865348816
0.9230769276618958
0.7586206793785095
0.6216216087341309
0.7083333134651184
0.7894737124443054
0.75
0.8837209343910217
0.698113203048706
0.8999999761581421
0.5714285969734192
0.707317054271698
0.6547619104385376
0.65625
0.8684210777282715
0.8811880946159363
0.7909091114997864
0.8732394576072693
0.738095223903656
0.6666666865348816
0.7727272510528564
0.6792452931404114
0.6197183132171631
0.6746987700462341
0.7972972989082336
0.6184210777282715
0.7118644118309021
0.7599999904632568
0.8363636136054993
0.6315789222717285
0.8095238208770752
0.675000011920929
0.800000011920929
0.5384615659713745
0.8148148059844971
0.8421052694320679
0.7674418687820435
0.699999988079071
0.804347813129425
0.7307692170143127
0.8846153616905212
0.6470588445663452
0.8648648858070374
0.5789473652839661
0.875
0.739130437374115
0.5652173757553101
0.7321428656578064
0.75
0.47826087474823
0.5833333134651184
0.6511628031730652
0.699999988079071
0.6842105388641357
0.7222222089767456
0.6470588445663452
0.5
0.42105263471603394
0.5
0.6271186470985413
0.6451612710952759
0.800000011920929
0.7419354915618896
0.604938268661499
0.8064516186714172
0.5151515007019043
0.692307710647583
0.6470588445663452
0.800000011920929
0.5833333134651184
0.7450980544090271
0.6857143044471741
0.5185185074806213
0.6111111044883728
0.53125
0.5555555820465088
0.38461539149284363
0.5454545617103577
0.6666666865348816
0.6122449040412903
0.5783132314682007
0.6290322542190552
0.7222222089767456
0.5483871102333069
0.7341772317886353
0.5925925970077515
0.5777778029441833
0.6962025165557861
0.8292682766914368
0.52173912525177
0.7727272510528564
0.7837837934494019
0.5
0.6666666865348816
0.550000011920929
0.8181818127632141
0.699999988079071
0.6388888955116272
0.675000011920929
0.7647058963775635
0.5625
0.6388888955116272
0.7142857313156128
0.6721311211585999
0.7777777910232544
0.5333333611488342
0.6904761791229248
0.5483871102333069
0.6666666865348816
0.6875
0.4399999976158142
0.48148149251937866
0.6142857074737549
0.7058823704719543
0.6571428775787354
0.6904761791229248
0.8032786846160889
0.7428571581840515
0.7777777910232544
0.6349206566810608
0.6041666865348816
0.6666666865348816
0.8333333134651184
0.738095223903656
0.6499999761581421
0.6499999761581421
0.8297872543334961
0.6000000238418579
0.6666666865348816
0.6451612710952759
0.8181818127632141
0.7666666507720947
0.7096773982048035
0.5882353186607361
0.75
0.6911764740943909
0.5263158082962036
0.6363636255264282
0.6666666865348816
0.6315789222717285
0.6299999952316284
0.6944444179534912
0.6285714507102966
0.8644067645072937
0.5454545617103577
0.7272727489471436
0.7346938848495483
0.5
0.6271186470985413
0.4000000059604645
0.7083333134651184
0.2222222238779068
0.7692307829856873
0.8461538553237915
0.8275862336158752
0.7833333611488342
0.65625
0.7142857313156128
0.6153846383094788
0.8235294222831726
0.7894737124443054
0.6333333253860474
0.9583333134651184
0.45652174949645996
0.7244898080825806
0.8181818127632141
0.7368420958518982
0.7142857313156128
0.6538461446762085
0.8372092843055725
0.6296296119689941
0.8139534592628479
0.6122449040412903
0.7708333134651184
0.9038461446762085
0.5111111402511597
0.843137264251709
0.6521739363670349
0.692307710647583
0.949999988079071
0.761904776096344
0.8979591727256775
0.8070175647735596
0.54347825050354
0.9347826242446899
0.8039215803146362
0.7647058963775635
0.8723404407501221
0.6734693646430969
0.6078431606292725
0.625
0.6200000047683716
0.6730769276618958
0.5961538553237915
0.5263158082962036
0.7333333492279053
0.760869562625885
0.7450980544090271
0.875
0.7111111283302307
0.8163265585899353
0.8333333134651184
0.692307710647583
0.7634408473968506
0.8494623899459839
0.717391312122345
0.8382353186607361
0.875
0.949999988079071
0.7699999809265137
0.6530612111091614
0.8691588640213013
0.843478262424469
0.7654321193695068
0.800000011920929
0.8913043737411499
0.8085106611251831
0.7325581312179565
0.849056601524353
0.7333333492279053
0.6428571343421936
0.7319587469100952
0.7628865838050842
0.7099999785423279
0.7377049326896667
0.5901639461517334
0.695652186870575
0.7575757503509521
0.6785714030265808
0.7101449370384216
0.5522388219833374
0.8620689511299133
0.699999988079071
0.84375
0.6790123581886292
0.7777777910232544
0.8358209133148193
0.6875
0.8513513803482056
0.8095238208770752
0.7207207083702087
0.7647058963775635
0.7407407164573669
0.752212405204773
0.5725806355476379
0.7857142686843872
0.800000011920929
0.8723404407501221
0.8214285969734192
0.7647058963775635
0.8452380895614624
0.6111111044883728
0.841269850730896
0.7714285850524902
0.875
0.8904109597206116
0.78125
0.7567567825317383
0.9552238583564758
0.7543859481811523
0.8823529481887817
0.7068965435028076
0.75
0.6388888955116272
0.5625
0.9259259104728699
0.8148148059844971
0.7142857313156128
0.6153846383094788
0.5833333134651184
0.8518518805503845
0.7368420958518982
0.7647058963775635
0.8658536672592163
0.75
0.6818181872367859
0.6875
0.6153846383094788
0.8285714387893677
0.7142857313156128
0.692307710647583
0.800000011920929
0.7692307829856873
0.5555555820465088
0.699999988079071
0.7599999904632568
0.859649121761322
0.8571428656578064
0.699999988079071
0.8399999737739563
0.8260869383811951
0.78125
0.8775510191917419
0.9032257795333862
0.7222222089767456
0.8947368264198303
0.8536585569381714
0.7647058963775635
0.8225806355476379
0.8095238208770752
0.800000011920929
0.8600000143051147
0.8048780560493469
0.8780487775802612
0.8793103694915771
0.8863636255264282
0.84375
0.875
0.375
0.8947368264198303
0.8333333134651184
0.9047619104385376
0.6666666865348816
0.75
0.8421052694320679
0.6666666865348816
0.6833333373069763
0.7692307829856873
0.7407407164573669
0.7538461685180664
0.7222222089767456
0.7096773982048035
0.5892857313156128
0.6486486196517944
0.692307710647583
0.8735632300376892
0.796875
0.5967742204666138
0.7652173638343811
0.7384615540504456
0.6727272868156433
0.6326530575752258
0.5925925970077515
0.4714285731315613
0.6000000238418579
0.6857143044471741
0.5333333611488342
0.8333333134651184
0.6590909361839294
0.31578946113586426
0.6000000238418579
0.7142857313156128
0.7704917788505554
0.612500011920929
0.5609756112098694
0.5652173757553101
0.6333333253860474
0.6864407062530518
0.5555555820465088
0.5555555820465088
0.7037037014961243
0.6287878751754761
0.75
0.47727271914482117
0.6060606241226196
0.8709677457809448
0.6153846383094788
0.59375
0.574999988079071
0.6499999761581421
0.6399999856948853
0.6538461446762085
0.6712328791618347
0.5970149040222168
0.7606837749481201
0.6585366129875183
0.7460317611694336
0.5277777910232544
0.7985074520111084
0.9027777910232544
0.7142857313156128
0.8500000238418579
0.7735849022865295
0.8658536672592163
0.8157894611358643
0.5106382966041565
0.546875
0.42592594027519226
0.6071428656578064
0.9259259104728699
0.8196721076965332
0.9259259104728699
0.7777777910232544
0.9032257795333862
0.8125
0.739130437374115
0.5625
0.9230769276618958
0.9347826242446899
0.7666666507720947
0.7894737124443054
0.6222222447395325
0.7777777910232544
0.7727272510528564
0.6097561120986938
0.8399999737739563
0.9387755393981934
0.8679245114326477
0.695652186870575
0.8636363744735718
0.75
0.7368420958518982
0.6590909361839294
0.8235294222831726
0.9047619104385376
0.7941176295280457
0.8039215803146362
0.625
0.8902438879013062
0.9236111044883728
0.9578947424888611
0.7419354915618896
0.6666666865348816
0.7894737124443054
0.9354838728904724
0.800000011920929
0.9210526347160339
0.8260869383811951
0.6000000238418579
0.9024389982223511
0.5454545617103577
0.6521739363670349
0.7631579041481018
0.5714285969734192
0.8301886916160583
0.7777777910232544
0.841269850730896
0.7575757503509521
0.7954545617103577
0.8918918967247009
0.6428571343421936
0.7903226017951965
0.8354430198669434
0.8028169274330139
0.9390243887901306
0.765625
0.8091602921485901
0.7377049326896667
0.9411764740943909
0.930232584476471
0.8823529481887817
0.8333333134651184
0.8095238208770752
0.800000011920929
0.6790123581886292
0.739130437374115
0.8245614171028137
0.5714285969734192
0.875
0.75
0.5714285969734192
0.6666666865348816
0.8666666746139526
0.8125
0.7857142686843872
0.6111111044883728
0.6000000238418579
0.75
0.7647058963775635
0.699999988079071
0.8974359035491943
0.7142857313156128
0.75
0.7941176295280457
0.8831169009208679
0.7254902124404907
0.8461538553237915
0.6875
0.78125
0.800000011920929
0.5789473652839661
0.6470588445663452
0.7692307829856873
0.6274510025978088
0.9024389982223511
0.6000000238418579
0.8363636136054993
0.7083333134651184
0.9090909361839294
0.7599999904632568
0.9285714030265808
0.800000011920929
0.695652186870575
0.7333333492279053
0.5882353186607361
0.8666666746139526
0.84375
0.8064516186714172
0.8148148059844971
0.8833333253860474
0.8695651888847351
0.523809552192688
0.7234042286872864
0.8666666746139526
0.6557376980781555
0.7666666507720947
0.800000011920929
0.7560975551605225
0.8461538553237915
0.8333333134651184
0.800000011920929
0.625
0.7083333134651184
0.8421052694320679
0.523809552192688
0.6315789222717285
0.6000000238418579
0.8717948794364929
0.8125
0.7857142686843872
0.5862069129943848
0.8823529481887817
0.9189189076423645
0.6857143044471741
0.7727272510528564
0.8125
0.6571428775787354
0.8709677457809448
0.8974359035491943
0.8181818127632141
0.8217821717262268
0.6764705777168274
0.7200000286102295
0.7962962985038757
0.9354838728904724
0.8867924809455872
0.8730158805847168
0.8095238208770752
0.8620689511299133
0.7333333492279053
0.8421052694320679
0.7333333492279053
0.7222222089767456
0.800000011920929
0.5384615659713745
0.7575757503509521
0.6315789222717285
0.699999988079071
0.517241358757019
0.38461539149284363
0.6176470518112183
0.5249999761581421
0.800000011920929
0.4285714328289032
0.6153846383094788
0.6909090876579285
0.6851851940155029
0.800000011920929
0.4545454680919647
0.4193548262119293
0.8095238208770752
0.6216216087341309
0.7454545497894287
0.6268656849861145
0.6000000238418579
0.42424243688583374
0.7142857313156128
0.561904788017273
0.7058823704719543
0.6666666865348816
0.6111111044883728
0.7272727489471436
0.75
0.9375
0.550000011920929
0.6774193644523621
0.4000000059604645
0.6744186282157898
0.6296296119689941
0.5757575631141663
0.5744680762290955
0.7209302186965942
0.4615384638309479
0.5600000023841858
0.529411792755127
0.5945945978164673
0.574999988079071
0.5
0.8461538553237915
0.7789473533630371
0.8260869383811951
0.75
0.5862069129943848
0.5384615659713745
0.7027027010917664
0.5199999809265137
0.9032257795333862
0.6304348111152649
0.4444444477558136
0.4117647111415863
0.6190476417541504
0.5443037748336792
0.7575757503509521
0.5151515007019043
0.5925925970077515
0.6363636255264282
0.5
0.6315789222717285
0.4736842215061188
0.7352941036224365
0.48148149251937866
0.5625
0.5714285969734192
0.48275861144065857
0.6987951993942261
0.6615384817123413
0.6037735939025879
0.8275862336158752
0.760869562625885
0.5
0.7142857313156128
0.7395833134651184
0.6774193644523621
0.6888889074325562
0.5416666865348816
0.7692307829856873
0.4871794879436493
0.3199999928474426
0.5625
0.692307710647583
0.5
0.8857142925262451
0.7142857313156128
0.5625
0.8032786846160889
0.7272727489471436
0.48275861144065857
0.7346938848495483
0.75
0.6666666865348816
0.6904761791229248
0.7333333492279053
0.52173912525177
0.6551724076271057
0.8225806355476379
0.8870967626571655
0.5609756112098694
0.5882353186607361
0.43478259444236755
0.7076923251152039
0.6666666865348816
0.6585366129875183
0.8181818127632141
0.6285714507102966
0.5357142686843872
0.4583333432674408
0.8059701323509216
0.7142857313156128
0.9090909361839294
0.6000000238418579
0.824999988079071
0.7692307829856873
0.6666666865348816
0.42424243688583374
0.699999988079071
0.7804877758026123
0.8999999761581421
0.6585366129875183
0.7647058963775635
0.875
0.71875
0.75
0.7021276354789734
0.8260869383811951
0.8387096524238586
0.6972476840019226
0.7027027010917664
0.8571428656578064
0.720588207244873
0.7037037014961243
0.8148148059844971
0.8301886916160583
0.8214285969734192
0.7678571343421936
0.707317054271698
0.8235294222831726
