0.8958333134651184
0.9555555582046509
0.6944444179534912
0.761904776096344
0.7333333492279053
0.75
0.7058823704719543
0.8048780560493469
0.8983050584793091
0.7804877758026123
0.8717948794364929
0.8285714387893677
0.8421052694320679
0.8918918967247009
0.800000011920929
0.7599999904632568
0.8695651888847351
0.9285714030265808
0.931034505367279
0.8148148059844971
0.8055555820465088
0.7222222089767456
0.800000011920929
0.5806451439857483
0.9210526347160339
0.8333333134651184
0.7250000238418579
0.59375
0.7083333134651184
0.8421052694320679
0.9387755393981934
0.6190476417541504
0.9117646813392639
0.625
0.8500000238418579
0.71875
0.8636363744735718
0.9545454382896423
0.7631579041481018
0.6976743936538696
0.8157894611358643
0.7272727489471436
0.7111111283302307
0.8333333134651184
0.5652173757553101
0.8571428656578064
0.47999998927116394
0.739130437374115
0.75
0.6363636255264282
0.8695651888847351
0.7333333492279053
0.7708333134651184
0.804347813129425
0.8695651888847351
0.6176470518112183
0.9354838728904724
0.8928571343421936
0.9047619104385376
0.800000011920929
0.7878788113594055
0.9245283007621765
0.7599999904632568
0.9285714030265808
0.9122806787490845
0.7777777910232544
0.7714285850524902
0.8615384697914124
0.5588235259056091
0.6746987700462341
0.6842105388641357
0.8620689511299133
0.7307692170143127
0.7476635575294495
0.6808510422706604
0.875
0.8113207817077637
0.692307710647583
0.7352941036224365
0.5833333134651184
0.6363636255264282
0.6842105388641357
0.692307710647583
0.7058823704719543
0.8999999761581421
0.8571428656578064
0.8260869383811951
0.765625
0.9459459185600281
0.8235294222831726
0.5199999809265137
0.9142857193946838
0.7400000095367432
0.8421052694320679
0.625
0.9245283007621765
0.695652186870575
0.7241379022598267
0.7142857313156128
0.9230769276618958
0.8999999761581421
0.699999988079071
0.7599999904632568
0.7435897588729858
0.5882353186607361
0.8333333134651184
0.5862069129943848
0.8846153616905212
0.5555555820465088
0.8148148059844971
0.4166666567325592
0.6764705777168274
0.8723404407501221
0.800000011920929
0.8823529481887817
0.8888888955116272
0.7804877758026123
0.884353756904602
0.930232584476471
0.6860465407371521
0.8780487775802612
0.8828828930854797
0.7755101919174194
0.8500000238418579
0.8461538553237915
0.8796992301940918
0.8333333134651184
0.8148148059844971
0.8947368264198303
0.782608687877655
0.9473684430122375
0.7528089880943298
0.8275862336158752
0.914893627166748
0.5333333611488342
0.8863636255264282
0.7777777910232544
0.8181818127632141
0.6521739363670349
0.8461538553237915
0.6470588445663452
0.75
0.8611111044883728
0.7692307829856873
0.6857143044471741
0.800000011920929
0.8333333134651184
0.699999988079071
0.5333333611488342
0.8684210777282715
0.8125
0.8461538553237915
0.8399999737739563
0.7727272510528564
0.84375
0.7272727489471436
0.6000000238418579
0.6818181872367859
0.5555555820465088
0.75
0.8928571343421936
0.7857142686843872
0.782608687877655
0.8219178318977356
0.7647058963775635
0.8947368264198303
0.8709677457809448
0.8333333134651184
0.8928571343421936
0.8333333134651184
0.8529411554336548
0.59375
0.7796609997749329
0.9111111164093018
0.8407079577445984
0.9137930870056152
0.849056601524353
0.8374999761581421
0.7637795209884644
0.9009901285171509
0.6849315166473389
0.7678571343421936
0.7796609997749329
0.8405796885490417
0.6000000238418579
0.931034505367279
0.782608687877655
0.930232584476471
0.7669172883033752
0.7403846383094788
0.8990825414657593
0.746268630027771
0.6399999856948853
0.800000011920929
0.765625
0.7749999761581421
0.8645833134651184
0.6000000238418579
0.875
0.8208954930305481
0.739130437374115
0.7333333492279053
0.8550724387168884
0.8333333134651184
0.7333333492279053
0.6111111044883728
0.9375
0.7346938848495483
0.7352941036224365
0.8571428656578064
0.8235294222831726
0.7749999761581421
0.9295774698257446
0.9347826242446899
0.8684210777282715
0.9259259104728699
0.6000000238418579
0.8372092843055725
0.800000011920929
0.9130434989929199
0.800000011920929
0.8928571343421936
0.8148148059844971
0.6818181872367859
0.7307692170143127
0.7916666865348816
0.8243243098258972
0.7307692170143127
0.9375
0.8888888955116272
0.8867924809455872
0.8260869383811951
0.9166666865348816
0.8666666746139526
0.8235294222831726
0.90625
0.90625
0.8999999761581421
0.800000011920929
0.9272727370262146
0.7837837934494019
0.7352941036224365
0.7631579041481018
0.75
0.6521739363670349
0.9387755393981934
0.75
0.8947368264198303
0.5263158082962036
0.8620689511299133
0.6666666865348816
0.8636363744735718
0.7647058963775635
0.8965517282485962
0.8333333134651184
0.7368420958518982
0.7777777910232544
0.5483871102333069
0.7096773982048035
0.7966101765632629
0.8636363744735718
0.9090909361839294
0.8181818127632141
0.8666666746139526
0.8684210777282715
0.8181818127632141
0.7818182110786438
0.8048780560493469
0.760869562625885
0.8656716346740723
0.800000011920929
0.8799999952316284
0.8518518805503845
0.7857142686843872
0.84375
0.625
0.9200000166893005
0.8648648858070374
0.8125
0.6666666865348816
0.8684210777282715
0.8148148059844971
0.9264705777168274
0.8139534592628479
0.8064516186714172
0.6341463327407837
0.7777777910232544
0.7142857313156128
0.9534883499145508
0.9130434989929199
0.8604651093482971
0.7857142686843872
0.8780487775802612
0.8208954930305481
0.717391312122345
0.7403846383094788
0.719298243522644
0.7142857313156128
0.5652173757553101
0.75
0.7972972989082336
0.8235294222831726
0.7368420958518982
0.8518518805503845
0.800000011920929
0.7764706015586853
0.8823529481887817
0.8518518805503845
0.6666666865348816
0.7916666865348816
0.8333333134651184
0.7272727489471436
0.800000011920929
0.7831325531005859
0.75
0.875
0.8064516186714172
0.9333333373069763
0.5263158082962036
0.5333333611488342
0.7272727489471436
0.6363636255264282
0.8260869383811951
0.7599999904632568
0.7692307829856873
0.8205128312110901
0.7586206793785095
0.8648648858070374
0.8333333134651184
0.8421052694320679
0.75
0.8837209343910217
0.8301886916160583
0.824999988079071
0.8571428656578064
0.7398374080657959
0.8214285969734192
0.90625
0.7631579041481018
0.7326732873916626
0.8818181753158569
0.9014084339141846
0.761904776096344
0.644444465637207
0.75
0.7924528121948242
0.8169013857841492
0.6867470145225525
0.8243243098258972
0.7105262875556946
0.8305084705352783
0.6800000071525574
0.9272727370262146
0.7894737124443054
0.6904761791229248
0.75
0.800000011920929
0.4615384638309479
0.8888888955116272
0.8947368264198303
0.8837209343910217
0.800000011920929
0.717391312122345
0.9230769276618958
0.7692307829856873
0.6470588445663452
0.837837815284729
0.6842105388641357
0.800000011920929
0.739130437374115
0.6086956262588501
0.8392857313156128
0.84375
0.782608687877655
0.7916666865348816
0.6511628031730652
0.6499999761581421
0.7894737124443054
0.7777777910232544
0.8823529481887817
0.6111111044883728
0.42105263471603394
0.7941176295280457
0.6440678238868713
0.6774193644523621
0.6499999761581421
0.8709677457809448
0.5925925970077515
0.8064516186714172
0.7575757503509521
0.7692307829856873
0.6470588445663452
0.7666666507720947
0.7604166865348816
0.8235294222831726
0.5285714268684387
0.6172839403152466
0.7222222089767456
0.75
0.7037037014961243
0.4615384638309479
0.5454545617103577
0.7407407164573669
0.7755101919174194
0.7469879388809204
0.6774193644523621
0.7777777910232544
0.6129032373428345
0.7215189933776855
0.7037037014961243
0.6000000238418579
0.6962025165557861
0.8048780560493469
0.6086956262588501
0.6363636255264282
0.6216216087341309
0.625
0.4871794879436493
0.75
0.7272727489471436
0.675000011920929
0.7222222089767456
0.800000011920929
0.6470588445663452
0.78125
0.625
0.6428571343421936
0.5573770403862
0.7777777910232544
0.3333333432674408
0.8809523582458496
0.6451612710952759
0.7878788113594055
0.75
0.7599999904632568
0.6666666865348816
0.6714285612106323
0.6470588445663452
0.7428571581840515
0.7857142686843872
0.7540983557701111
0.800000011920929
0.4444444477558136
0.6984127163887024
0.7291666865348816
0.8611111044883728
0.7307692170143127
0.7857142686843872
0.550000011920929
0.824999988079071
0.8510638475418091
0.6000000238418579
0.6111111044883728
0.8387096524238586
0.8636363744735718
0.8666666746139526
0.774193525314331
0.7647058963775635
0.5833333134651184
0.7058823704719543
0.5263158082962036
0.5454545617103577
0.7777777910232544
0.7894737124443054
0.7599999904632568
0.7777777910232544
0.6857143044471741
0.8559321761131287
0.6060606241226196
0.8181818127632141
0.7755101919174194
0.6111111044883728
0.7796609997749329
0.3499999940395355
0.7916666865348816
0.3333333432674408
0.7692307829856873
0.8461538553237915
0.7758620977401733
0.8833333253860474
0.71875
0.6666666865348816
0.9230769276618958
0.8235294222831726
0.8421052694320679
0.6333333253860474
0.875
0.760869562625885
0.8469387888908386
0.8181818127632141
0.6315789222717285
0.7755101919174194
0.7307692170143127
0.6976743936538696
0.6851851940155029
0.7906976938247681
0.7346938848495483
0.875
0.8461538553237915
0.6888889074325562
0.8235294222831726
0.9130434989929199
0.75
0.8666666746139526
0.7047619223594666
0.8163265585899353
0.859649121761322
0.6304348111152649
0.8478260636329651
0.7058823704719543
0.8039215803146362
0.6382978558540344
0.7346938848495483
0.8039215803146362
0.8571428656578064
0.8199999928474426
0.8846153616905212
0.8269230723381042
0.5263158082962036
0.800000011920929
0.5869565010070801
0.8627451062202454
0.8958333134651184
0.7777777910232544
0.8571428656578064
0.6666666865348816
0.7692307829856873
0.8387096524238586
0.9139785170555115
0.9130434989929199
0.8529411554336548
0.9416666626930237
0.8374999761581421
0.8600000143051147
0.7551020383834839
0.8130841255187988
0.8782608509063721
0.8148148059844971
0.9454545378684998
0.8369565010070801
0.8297872543334961
0.8139534592628479
0.7735849022865295
0.7714285850524902
0.875
0.9278350472450256
0.8659793734550476
0.8899999856948853
0.7377049326896667
0.5081967115402222
0.8260869383811951
0.7727272510528564
0.761904776096344
0.8840579986572266
0.611940324306488
0.8620689511299133
0.6666666865348816
0.90625
0.6790123581886292
0.8484848737716675
0.9402984976768494
0.7083333134651184
0.9324324131011963
0.8095238208770752
0.8018018007278442
0.8823529481887817
0.7037037014961243
0.8407079577445984
0.7903226017951965
0.7857142686843872
0.800000011920929
0.957446813583374
0.8214285969734192
0.8235294222831726
0.8452380895614624
0.7222222089767456
0.8571428656578064
0.8285714387893677
0.925000011920929
0.7808219194412231
0.84375
0.8648648858070374
0.9701492786407471
0.9122806787490845
0.8235294222831726
0.7931034564971924
0.75
0.8333333134651184
0.6875
0.790123462677002
0.8518518805503845
0.761904776096344
0.692307710647583
0.8958333134651184
0.8148148059844971
0.7368420958518982
0.8235294222831726
0.9512194991111755
0.75
0.7272727489471436
0.6875
0.8461538553237915
0.9142857193946838
0.7142857313156128
0.7692307829856873
0.800000011920929
0.7692307829856873
0.5555555820465088
0.6333333253860474
0.8399999737739563
0.9298245906829834
0.75
0.8999999761581421
0.800000011920929
0.8260869383811951
0.859375
0.8367347121238708
0.8709677457809448
0.8333333134651184
0.8947368264198303
0.8292682766914368
0.7058823704719543
0.8548387289047241
0.8095238208770752
0.800000011920929
0.9200000166893005
0.8536585569381714
0.9268292784690857
0.8275862336158752
0.8863636255264282
0.6875
0.875
0.75
0.8684210777282715
0.8333333134651184
0.7142857313156128
0.7333333492279053
0.8125
0.8421052694320679
0.8333333134651184
0.8666666746139526
0.8461538553237915
0.8148148059844971
0.892307698726654
0.6111111044883728
0.7580645084381104
0.7678571343421936
0.8108108043670654
0.6410256624221802
0.7931034564971924
0.734375
0.8548387289047241
0.7739130258560181
0.8307692408561707
0.7454545497894287
0.6938775777816772
0.7407407164573669
0.6285714507102966
0.75
0.7428571581840515
0.5333333611488342
0.8444444537162781
0.7045454382896423
0.5526315569877625
0.6000000238418579
0.8142856955528259
0.8032786846160889
0.675000011920929
0.7804877758026123
0.739130437374115
0.8999999761581421
0.7033898234367371
0.7777777910232544
0.6888889074325562
0.7037037014961243
0.689393937587738
0.8055555820465088
0.5681818127632141
0.7272727489471436
0.6774193644523621
0.6666666865348816
0.75
0.6000000238418579
0.699999988079071
0.5799999833106995
0.6730769276618958
0.8767123222351074
0.7313432693481445
0.8205128312110901
0.5975610017776489
0.8888888955116272
0.6388888955116272
0.858208954334259
0.7777777910232544
0.8571428656578064
0.699999988079071
0.7358490824699402
0.8780487775802612
0.8947368264198303
0.6808510422706604
0.8125
0.6111111044883728
0.8214285969734192
0.7592592835426331
0.8196721076965332
0.8333333134651184
0.9166666865348816
0.9032257795333862
0.796875
0.8695651888847351
0.84375
0.9230769276618958
0.95652174949646
0.800000011920929
0.7368420958518982
0.800000011920929
0.7222222089767456
0.7954545617103577
0.8536585569381714
0.8399999737739563
0.918367326259613
0.849056601524353
0.8695651888847351
0.8181818127632141
0.875
0.7368420958518982
0.8181818127632141
0.7647058963775635
0.8571428656578064
0.8235294222831726
0.9019607901573181
0.75
0.9390243887901306
0.9305555820465088
0.8631578683853149
0.8064516186714172
0.8095238208770752
0.7894737124443054
0.9032257795333862
0.824999988079071
0.7368420958518982
0.8695651888847351
0.699999988079071
0.9024389982223511
0.7878788113594055
0.695652186870575
0.9342105388641357
0.8571428656578064
0.9056603908538818
0.8518518805503845
0.9047619104385376
0.8787878751754761
0.7727272510528564
0.8648648858070374
0.7857142686843872
0.8548387289047241
0.8734177350997925
0.8732394576072693
0.792682945728302
0.796875
0.7633587718009949
0.8360655903816223
0.8627451062202454
0.9534883499145508
0.9607843160629272
0.8333333134651184
0.8095238208770752
0.75
0.9259259104728699
0.739130437374115
0.9649122953414917
0.761904776096344
0.875
0.8500000238418579
0.7857142686843872
0.7666666507720947
0.8666666746139526
0.84375
0.8571428656578064
0.5555555820465088
0.5333333611488342
0.7692307829856873
0.9117646813392639
0.8500000238418579
0.8333333134651184
0.8214285969734192
0.8500000238418579
0.7058823704719543
0.8701298832893372
0.7647058963775635
0.8269230723381042
0.6875
0.90625
0.9428571462631226
0.5789473652839661
0.5882353186607361
0.9538461565971375
0.6470588445663452
0.9024389982223511
0.6399999856948853
0.9454545378684998
0.7916666865348816
0.8636363744735718
0.7200000286102295
0.8928571343421936
0.800000011920929
0.739130437374115
0.7333333492279053
0.5882353186607361
0.9333333373069763
0.78125
0.8709677457809448
0.8148148059844971
0.8999999761581421
0.8695651888847351
0.6666666865348816
0.7446808218955994
0.8666666746139526
0.7377049326896667
0.8999999761581421
0.6000000238418579
0.8902438879013062
0.8846153616905212
0.7222222089767456
0.824999988079071
0.75
0.75
0.9473684430122375
0.7142857313156128
0.7368420958518982
0.8666666746139526
0.8461538553237915
0.875
0.8571428656578064
0.7586206793785095
0.7647058963775635
0.9189189076423645
0.9142857193946838
0.8181818127632141
0.9166666865348816
0.800000011920929
0.9032257795333862
0.9487179517745972
0.7727272510528564
0.8217821717262268
0.7647058963775635
0.7200000286102295
0.9629629850387573
0.9032257795333862
0.9056603908538818
0.9047619104385376
0.8571428656578064
0.8275862336158752
0.6666666865348816
0.8947368264198303
0.7666666507720947
0.5555555820465088
0.7666666507720947
0.5769230723381042
0.6666666865348816
0.5789473652839661
0.6333333253860474
0.48275861144065857
0.4615384638309479
0.7941176295280457
0.6000000238418579
0.800000011920929
0.3571428656578064
0.5769230723381042
0.8363636136054993
0.7222222089767456
0.7428571581840515
0.5454545617103577
0.4838709533214569
0.8095238208770752
0.8108108043670654
0.800000011920929
0.8208954930305481
0.7142857313156128
0.39393940567970276
0.6428571343421936
0.6571428775787354
0.7647058963775635
0.7222222089767456
0.6111111044883728
0.6818181872367859
0.5277777910232544
0.9583333134651184
0.75
0.7419354915618896
0.3333333432674408
0.7441860437393188
0.6296296119689941
0.6060606241226196
0.5319148898124695
0.7790697813034058
0.6538461446762085
0.6399999856948853
0.6764705777168274
0.7027027010917664
0.699999988079071
0.5
0.7692307829856873
0.8105263113975525
0.782608687877655
0.6666666865348816
0.4482758641242981
0.5384615659713745
0.6216216087341309
0.5600000023841858
0.774193525314331
0.5652173757553101
0.6666666865348816
0.8235294222831726
0.761904776096344
0.607594907283783
0.8787878751754761
0.7878788113594055
0.7777777910232544
0.7575757503509521
0.6499999761581421
0.4736842215061188
0.6052631735801697
0.7058823704719543
0.5185185074806213
0.6875
0.6190476417541504
0.4482758641242981
0.7710843086242676
0.7230769395828247
0.7169811129570007
0.6896551847457886
0.760869562625885
0.5
0.9047619104385376
0.7604166865348816
0.8709677457809448
0.4888888895511627
0.5
0.7435897588729858
0.44871795177459717
0.2800000011920929
0.625
0.75
0.699999988079071
0.7428571581840515
0.8571428656578064
0.609375
0.7377049326896667
0.7878788113594055
0.7241379022598267
0.8163265585899353
0.6666666865348816
0.7333333492279053
0.9285714030265808
0.8333333134651184
0.782608687877655
0.6896551847457886
0.774193525314331
0.8709677457809448
0.6341463327407837
0.6470588445663452
0.6521739363670349
0.8769230842590332
0.5555555820465088
0.7317073345184326
0.8636363744735718
0.7428571581840515
0.7142857313156128
0.5833333134651184
0.7611940503120422
0.8571428656578064
0.8333333134651184
0.800000011920929
0.8500000238418579
0.692307710647583
0.7956989407539368
0.5151515007019043
0.800000011920929
0.8048780560493469
0.7333333492279053
0.9024389982223511
0.6470588445663452
0.875
0.890625
0.807692289352417
0.7446808218955994
0.7536231875419617
0.9193548560142517
0.7339449524879456
0.837837815284729
0.8571428656578064
0.7647058963775635
0.7407407164573669
0.8888888955116272
0.6415094137191772
0.7857142686843872
0.7678571343421936
0.7317073345184326
0.8823529481887817
