0.7291666865348816
0.9555555582046509
0.7777777910232544
0.9047619104385376
0.7333333492279053
0.75
0.8529411554336548
0.8536585569381714
0.8983050584793091
0.9024389982223511
0.8974359035491943
0.8857142925262451
0.8421052694320679
0.8918918967247009
0.7666666507720947
0.9200000166893005
0.8695651888847351
0.9285714030265808
0.931034505367279
0.8518518805503845
0.9166666865348816
0.7777777910232544
0.800000011920929
0.7096773982048035
0.9210526347160339
0.7916666865348816
0.800000011920929
0.6875
0.75
0.8421052694320679
0.8163265585899353
0.6666666865348816
0.9264705777168274
0.8125
0.800000011920929
0.84375
0.8181818127632141
0.9090909361839294
0.9473684430122375
0.7674418687820435
0.8157894611358643
0.7727272510528564
0.9111111164093018
0.8333333134651184
0.782608687877655
0.9285714030265808
0.5600000023841858
0.8260869383811951
0.75
0.6666666865348816
0.9130434989929199
0.800000011920929
0.7708333134651184
0.804347813129425
0.8695651888847351
0.6764705777168274
0.9354838728904724
0.8035714030265808
0.9047619104385376
0.8799999952316284
0.8787878751754761
0.9433962106704712
0.7200000286102295
0.9285714030265808
0.7894737124443054
0.8333333134651184
0.7428571581840515
0.9230769276618958
0.6470588445663452
0.8072289228439331
0.7894737124443054
0.8620689511299133
0.7692307829856873
0.9345794320106506
0.8510638475418091
0.875
0.8679245114326477
0.9230769276618958
0.7941176295280457
0.7916666865348816
0.8181818127632141
0.7631579041481018
0.8461538553237915
0.8529411554336548
0.8999999761581421
0.9142857193946838
0.8260869383811951
0.828125
0.9189189076423645
0.9411764740943909
0.8399999737739563
0.9142857193946838
0.7799999713897705
0.8421052694320679
0.6875
0.8867924809455872
0.8695651888847351
0.7241379022598267
0.8571428656578064
0.9230769276618958
0.8999999761581421
0.6000000238418579
0.6800000071525574
0.8205128312110901
0.6470588445663452
0.8166666626930237
0.6551724076271057
0.7692307829856873
0.7222222089767456
0.8148148059844971
0.5
0.7647058963775635
0.8936170339584351
0.855555534362793
0.843137264251709
0.8444444537162781
0.8292682766914368
0.884353756904602
0.8604651093482971
0.8255813717842102
0.8780487775802612
0.8738738894462585
0.8571428656578064
0.9166666865348816
0.892307698726654
0.8947368264198303
0.9166666865348816
0.8148148059844971
0.8947368264198303
0.717391312122345
0.9473684430122375
0.8202247023582458
0.8275862336158752
0.8936170339584351
0.6000000238418579
0.9090909361839294
0.8333333134651184
0.8181818127632141
0.782608687877655
0.7692307829856873
0.6470588445663452
0.75
0.8611111044883728
0.8846153616905212
0.7714285850524902
0.8399999737739563
0.7777777910232544
0.75
0.6666666865348816
0.9210526347160339
0.8125
0.8846153616905212
0.8933333158493042
0.7727272510528564
0.875
0.8181818127632141
0.6000000238418579
0.7272727489471436
0.5555555820465088
0.75
0.8571428656578064
0.7857142686843872
0.695652186870575
0.7945205569267273
0.8823529481887817
0.8947368264198303
0.8709677457809448
0.8666666746139526
0.8571428656578064
0.8333333134651184
0.7941176295280457
0.78125
0.8983050584793091
0.8444444537162781
0.8672566413879395
0.8965517282485962
0.7452830076217651
0.875
0.8267716765403748
0.8613861203193665
0.8424657583236694
0.8571428656578064
0.8135592937469482
0.8695651888847351
0.6333333253860474
0.8965517282485962
0.8405796885490417
0.8837209343910217
0.8721804618835449
0.7980769276618958
0.9082568883895874
0.8805969953536987
0.8999999761581421
0.7400000095367432
0.78125
0.7250000238418579
0.8645833134651184
0.6499999761581421
0.875
0.8208954930305481
0.8260869383811951
0.8333333134651184
0.8405796885490417
0.800000011920929
0.7666666507720947
0.7222222089767456
0.90625
0.8163265585899353
0.8235294222831726
0.9285714030265808
0.9215686321258545
0.925000011920929
0.9154929518699646
0.8260869383811951
0.8684210777282715
0.8518518805503845
0.8666666746139526
0.7674418687820435
0.8799999952316284
0.9130434989929199
0.6000000238418579
0.8571428656578064
0.8888888955116272
0.8181818127632141
0.7307692170143127
0.8194444179534912
0.8648648858070374
0.7692307829856873
0.9166666865348816
0.8888888955116272
0.9433962106704712
0.8260869383811951
0.875
0.9466666579246521
0.8235294222831726
0.90625
0.84375
0.8500000238418579
0.824999988079071
0.8909090757369995
0.837837815284729
0.8235294222831726
0.8684210777282715
0.9285714030265808
0.6521739363670349
0.918367326259613
0.875
0.8947368264198303
0.7368420958518982
0.8275862336158752
0.75
0.9090909361839294
0.8823529481887817
0.931034505367279
0.8888888955116272
0.7368420958518982
0.8333333134651184
0.8387096524238586
0.8387096524238586
0.8135592937469482
0.9545454382896423
0.8863636255264282
0.8636363744735718
0.8666666746139526
0.8421052694320679
0.8484848737716675
0.7636363506317139
0.8048780560493469
0.8695651888847351
0.9104477763175964
0.800000011920929
0.8399999737739563
0.8148148059844971
0.7857142686843872
0.8125
0.6875
0.8799999952316284
0.7837837934494019
0.78125
0.7222222089767456
0.9210526347160339
0.7407407164573669
0.8088235259056091
0.9418604373931885
0.9032257795333862
0.6829268336296082
0.8888888955116272
0.8571428656578064
0.8604651093482971
0.760869562625885
0.9069767594337463
0.9107142686843872
0.8048780560493469
0.8059701323509216
0.739130437374115
0.8269230723381042
0.9122806787490845
0.8857142925262451
0.6086956262588501
0.75
0.837837815284729
0.8823529481887817
0.8421052694320679
0.9074074029922485
0.8571428656578064
0.800000011920929
0.8823529481887817
0.7407407164573669
0.5833333134651184
0.7708333134651184
0.6666666865348816
0.7878788113594055
0.7428571581840515
0.8313252925872803
0.7777777910232544
0.875
0.9032257795333862
0.9333333373069763
0.7368420958518982
0.5333333611488342
0.8181818127632141
0.8181818127632141
0.8695651888847351
0.7599999904632568
0.7692307829856873
0.9230769276618958
0.7931034564971924
0.7837837934494019
0.7916666865348816
0.8421052694320679
0.6666666865348816
0.930232584476471
0.7924528121948242
0.8999999761581421
0.800000011920929
0.8130081295967102
0.7976190447807312
0.84375
0.7368420958518982
0.8316831588745117
0.918181836605072
0.908450722694397
0.8095238208770752
0.7333333492279053
0.7954545617103577
0.7924528121948242
0.7605633735656738
0.8674699068069458
0.9054054021835327
0.7631579041481018
0.7966101765632629
0.7599999904632568
0.9636363387107849
0.7894737124443054
0.738095223903656
0.7749999761581421
0.7250000238418579
0.6153846383094788
0.8888888955116272
0.8947368264198303
0.8837209343910217
0.699999988079071
0.8695651888847351
0.8461538553237915
0.8846153616905212
0.6470588445663452
0.8918918967247009
0.8947368264198303
0.925000011920929
0.8478260636329651
0.695652186870575
0.875
0.75
0.6521739363670349
0.875
0.7209302186965942
0.75
0.7368420958518982
0.8333333134651184
0.7647058963775635
0.5
0.5263158082962036
0.8529411554336548
0.7288135886192322
0.7419354915618896
0.7749999761581421
0.8709677457809448
0.7037037014961243
0.8387096524238586
0.6969696879386902
0.8461538553237915
0.6274510025978088
0.7666666507720947
0.8541666865348816
0.9019607901573181
0.7285714149475098
0.6296296119689941
0.7777777910232544
0.75
0.7407407164573669
0.5384615659713745
0.5454545617103577
0.8518518805503845
0.7142857313156128
0.7710843086242676
0.7419354915618896
0.7222222089767456
0.7419354915618896
0.7594936490058899
0.8148148059844971
0.644444465637207
0.746835470199585
0.8048780560493469
0.739130437374115
0.7272727489471436
0.6756756901741028
0.6607142686843872
0.5641025900840759
0.699999988079071
0.7272727489471436
0.6499999761581421
0.7083333134651184
0.7749999761581421
0.7647058963775635
0.71875
0.6666666865348816
0.7857142686843872
0.7049180269241333
0.8666666746139526
0.5333333611488342
0.8095238208770752
0.6774193644523621
0.8484848737716675
0.875
0.6399999856948853
0.6666666865348816
0.7142857313156128
0.658823549747467
0.7428571581840515
0.8333333134651184
0.7540983557701111
0.6857143044471741
0.4444444477558136
0.6428571343421936
0.8125
0.8333333134651184
0.9102563858032227
0.7857142686843872
0.8500000238418579
0.7749999761581421
0.7659574747085571
0.6499999761581421
0.6111111044883728
0.8064516186714172
0.9090909361839294
0.8333333134651184
0.8387096524238586
0.8235294222831726
0.8333333134651184
0.8382353186607361
0.7894737124443054
0.5454545617103577
0.6666666865348816
0.8157894611358643
0.8600000143051147
0.8055555820465088
0.7142857313156128
0.8220338821411133
0.7575757503509521
0.7272727489471436
0.7551020383834839
0.6111111044883728
0.8474576473236084
0.3499999940395355
0.75
0.6666666865348816
0.6153846383094788
0.8461538553237915
0.7931034564971924
0.8999999761581421
0.6875
0.5714285969734192
0.9230769276618958
0.8235294222831726
0.8947368264198303
0.8333333134651184
0.9444444179534912
0.739130437374115
0.8877550959587097
0.8181818127632141
0.7894737124443054
0.8163265585899353
0.7692307829856873
0.8837209343910217
0.8703703880310059
0.7674418687820435
0.8775510191917419
0.9583333134651184
0.7692307829856873
0.7111111283302307
0.9019607901573181
0.8478260636329651
0.807692289352417
0.949999988079071
0.7809523940086365
0.8571428656578064
0.7368420958518982
0.8695651888847351
0.9130434989929199
0.8823529481887817
0.843137264251709
0.7659574747085571
0.8163265585899353
0.7450980544090271
0.8928571343421936
0.8600000143051147
0.8846153616905212
0.8269230723381042
0.5789473652839661
0.8444444537162781
0.760869562625885
0.8235294222831726
0.8958333134651184
0.8888888955116272
0.8367347121238708
0.7291666865348816
0.8269230723381042
0.8602150678634644
0.9677419066429138
0.9130434989929199
0.9264705777168274
0.9083333611488342
0.949999988079071
0.8999999761581421
0.8571428656578064
0.8878504633903503
0.95652174949646
0.8641975522041321
0.8818181753158569
0.9347826242446899
0.8510638475418091
0.8837209343910217
0.8113207817077637
0.8476190567016602
0.7857142686843872
0.8556700944900513
0.8865979313850403
0.7799999713897705
0.8360655903816223
0.688524603843689
0.8695651888847351
0.9242424368858337
0.8690476417541504
0.9275362491607666
0.7313432693481445
0.8620689511299133
0.7333333492279053
0.8125
0.7777777910232544
0.9494949579238892
0.8805969953536987
0.8333333134651184
0.9324324131011963
0.738095223903656
0.9639639854431152
0.843137264251709
0.7037037014961243
0.9292035102844238
0.8467742204666138
0.8571428656578064
0.9200000166893005
0.936170220375061
0.8571428656578064
0.8235294222831726
0.9285714030265808
0.8611111044883728
0.8888888955116272
0.8285714387893677
0.875
0.8767123222351074
0.84375
0.8108108043670654
0.9701492786407471
0.859649121761322
0.9019607901573181
0.8275862336158752
0.8611111044883728
0.7777777910232544
0.75
0.8765432238578796
0.8888888955116272
0.8095238208770752
0.6153846383094788
0.75
0.9259259104728699
0.6842105388641357
0.8823529481887817
0.9512194991111755
0.75
0.7727272510528564
0.75
0.7692307829856873
0.9142857193946838
0.8095238208770752
0.807692289352417
0.800000011920929
0.7692307829856873
0.6111111044883728
0.8333333134651184
0.8799999952316284
0.9298245906829834
0.7857142686843872
0.824999988079071
0.9200000166893005
0.8260869383811951
0.890625
0.9387755393981934
0.9354838728904724
0.7777777910232544
0.8947368264198303
0.8536585569381714
0.7647058963775635
0.9193548560142517
0.9047619104385376
0.800000011920929
0.9200000166893005
0.9268292784690857
0.9024389982223511
0.8793103694915771
0.9090909361839294
0.84375
0.925000011920929
0.75
0.8947368264198303
0.8333333134651184
0.9285714030265808
0.800000011920929
0.8125
0.8421052694320679
0.75
0.9166666865348816
0.692307710647583
0.8518518805503845
0.9076923131942749
0.7222222089767456
0.8709677457809448
0.8392857313156128
0.8108108043670654
0.8205128312110901
0.8505747318267822
0.84375
0.774193525314331
0.9217391014099121
0.8769230842590332
0.6909090876579285
0.7346938848495483
0.5925925970077515
0.6714285612106323
0.75
0.7428571581840515
0.5333333611488342
0.8777777552604675
0.8636363744735718
0.6315789222717285
0.7200000286102295
0.800000011920929
0.8524590134620667
0.762499988079071
0.7804877758026123
0.739130437374115
0.7666666507720947
0.8135592937469482
0.7222222089767456
0.800000011920929
0.8888888955116272
0.7121211886405945
0.8055555820465088
0.7045454382896423
0.8484848737716675
0.8387096524238586
0.7179487347602844
0.875
0.7250000238418579
0.75
0.8199999928474426
0.7692307829856873
0.698630154132843
0.8805969953536987
0.8717948794364929
0.7804877758026123
0.8571428656578064
0.8194444179534912
0.888059675693512
0.8611111044883728
0.7857142686843872
0.8500000238418579
0.849056601524353
0.9024389982223511
0.7368420958518982
0.7446808218955994
0.796875
0.7407407164573669
0.8392857313156128
0.8148148059844971
0.8524590134620667
0.9444444179534912
0.8333333134651184
0.9032257795333862
0.875
0.8695651888847351
0.84375
0.8846153616905212
0.95652174949646
0.8333333134651184
0.7894737124443054
0.8444444537162781
0.6666666865348816
0.75
0.8536585569381714
0.9200000166893005
0.9591836929321289
0.9056603908538818
0.8695651888847351
0.8636363744735718
0.875
0.8421052694320679
0.8409090638160706
0.7058823704719543
0.8571428656578064
0.8235294222831726
0.9607843160629272
0.75
0.9512194991111755
0.9444444179534912
0.9473684430122375
0.8064516186714172
0.8571428656578064
0.7368420958518982
0.8709677457809448
0.949999988079071
0.9210526347160339
0.8695651888847351
0.8500000238418579
0.9024389982223511
0.8484848737716675
0.739130437374115
0.7894737124443054
0.8571428656578064
0.9245283007621765
0.8148148059844971
0.9047619104385376
0.9090909361839294
0.7954545617103577
0.8918918967247009
0.7857142686843872
0.9193548560142517
0.8860759735107422
0.8732394576072693
0.9268292784690857
0.890625
0.8549618124961853
0.8196721076965332
0.9411764740943909
0.9534883499145508
0.9607843160629272
0.8518518805503845
0.8809523582458496
0.699999988079071
0.9259259104728699
0.739130437374115
0.8771929740905762
0.8095238208770752
0.90625
0.8500000238418579
0.7857142686843872
0.8333333134651184
0.8666666746139526
0.84375
0.9523809552192688
0.7222222089767456
0.7333333492279053
0.7884615659713745
0.9117646813392639
0.8500000238418579
0.807692289352417
0.6428571343421936
0.75
0.7058823704719543
0.9090909361839294
0.8039215803146362
0.8846153616905212
0.6875
0.9375
0.8857142925262451
0.5789473652839661
0.7058823704719543
0.9230769276618958
0.7450980544090271
0.9268292784690857
0.7599999904632568
0.9636363387107849
0.8333333134651184
0.9090909361839294
0.800000011920929
0.9285714030265808
0.8571428656578064
0.782608687877655
0.7333333492279053
0.6470588445663452
0.9333333373069763
0.875
0.9032257795333862
0.9259259104728699
0.8999999761581421
0.8260869383811951
0.6190476417541504
0.8723404407501221
0.8999999761581421
0.8360655903816223
0.949999988079071
0.7599999904632568
0.9146341681480408
0.9230769276618958
0.8888888955116272
0.824999988079071
0.8125
0.9166666865348816
0.8684210777282715
0.8095238208770752
0.6842105388641357
0.8666666746139526
0.8717948794364929
0.875
0.9285714030265808
0.7931034564971924
0.8235294222831726
0.9189189076423645
0.9142857193946838
0.8181818127632141
0.9166666865348816
0.7428571581840515
0.9032257795333862
0.8717948794364929
0.8636363744735718
0.7920792102813721
0.7941176295280457
0.800000011920929
0.9629629850387573
0.9032257795333862
0.9056603908538818
0.920634925365448
0.8095238208770752
0.8275862336158752
0.8666666746139526
0.8421052694320679
0.800000011920929
0.7222222089767456
0.7666666507720947
0.692307710647583
0.9090909361839294
0.5263158082962036
0.8666666746139526
0.7241379022598267
0.692307710647583
0.7941176295280457
0.875
0.800000011920929
0.4285714328289032
0.6538461446762085
0.8363636136054993
0.7962962985038757
0.7714285850524902
0.6363636255264282
0.4193548262119293
0.8571428656578064
0.7027027010917664
0.9090909361839294
0.746268630027771
0.7142857313156128
0.5454545617103577
0.7857142686843872
0.723809540271759
0.7647058963775635
0.6666666865348816
0.6111111044883728
0.7727272510528564
0.6388888955116272
0.7916666865348816
0.75
0.6774193644523621
0.46666666865348816
0.8372092843055725
0.6851851940155029
0.6666666865348816
0.8085106611251831
0.930232584476471
0.6730769276618958
0.7599999904632568
0.6470588445663452
0.7027027010917664
0.675000011920929
0.5454545617103577
0.692307710647583
0.7157894968986511
0.804347813129425
0.75
0.517241358757019
0.8846153616905212
0.7567567825317383
0.6399999856948853
0.8064516186714172
0.6086956262588501
0.5555555820465088
0.7058823704719543
0.6666666865348816
0.607594907283783
0.8181818127632141
0.6969696879386902
0.8518518805503845
0.7272727489471436
0.800000011920929
0.8947368264198303
0.6052631735801697
0.7941176295280457
0.7037037014961243
0.6875
0.761904776096344
0.6206896305084229
0.8554216623306274
0.7076923251152039
0.7924528121948242
0.7931034564971924
0.782608687877655
0.6111111044883728
0.9523809552192688
0.8020833134651184
0.7419354915618896
0.7555555701255798
0.8125
0.6666666865348816
0.6794871687889099
0.4399999976158142
0.625
0.807692289352417
0.75
0.7428571581840515
0.7142857313156128
0.625
0.7213114500045776
0.8484848737716675
0.7931034564971924
0.8367347121238708
0.8333333134651184
0.7333333492279053
0.9285714030265808
0.8666666746139526
0.5652173757553101
0.7586206793785095
0.8709677457809448
0.9354838728904724
0.8780487775802612
0.529411792755127
0.6521739363670349
0.8153846263885498
0.7777777910232544
0.8536585569381714
0.8636363744735718
0.8857142925262451
0.7321428656578064
0.8333333134651184
0.89552241563797
0.8571428656578064
0.9545454382896423
0.699999988079071
0.699999988079071
0.692307710647583
0.9247311949729919
0.6666666865348816
0.800000011920929
0.8780487775802612
0.8999999761581421
0.9512194991111755
0.7647058963775635
0.875
0.8125
0.807692289352417
0.8670212626457214
0.8405796885490417
0.9516128897666931
0.8623853325843811
0.7702702879905701
0.9365079402923584
0.8235294222831726
0.7037037014961243
0.7777777910232544
0.7924528121948242
0.8928571343421936
0.8392857313156128
0.8536585569381714
0.8235294222831726
