0.75
0.9555555582046509
0.8611111044883728
0.9047619104385376
0.8666666746139526
0.875
0.8823529481887817
0.9024389982223511
0.9322034120559692
0.9024389982223511
0.8717948794364929
0.8285714387893677
0.8421052694320679
0.8918918967247009
0.7666666507720947
0.8799999952316284
0.9130434989929199
0.9523809552192688
0.8620689511299133
0.8888888955116272
0.9166666865348816
0.7777777910232544
0.8399999737739563
0.8709677457809448
0.9210526347160339
0.9166666865348816
0.875
0.90625
0.7083333134651184
0.8421052694320679
0.9387755393981934
0.6666666865348816
0.9264705777168274
0.8125
0.75
0.90625
0.8181818127632141
0.9090909361839294
0.9473684430122375
0.8372092843055725
0.8815789222717285
0.7727272510528564
0.9333333373069763
0.8333333134651184
0.8695651888847351
0.9285714030265808
0.8799999952316284
0.9130434989929199
0.8611111044883728
0.7878788113594055
0.8695651888847351
0.8888888955116272
0.8958333134651184
0.8695651888847351
0.8695651888847351
0.7058823704719543
0.7096773982048035
0.9107142686843872
0.9047619104385376
0.8799999952316284
0.8787878751754761
0.9245283007621765
0.8399999737739563
0.8928571343421936
0.8421052694320679
0.8333333134651184
0.800000011920929
0.8769230842590332
0.7058823704719543
0.8192771077156067
0.7894737124443054
0.8965517282485962
0.7692307829856873
0.8691588640213013
0.8297872543334961
0.875
0.9056603908538818
0.8461538553237915
0.8529411554336548
0.875
0.8484848737716675
0.8684210777282715
0.8846153616905212
0.8235294222831726
0.8999999761581421
0.8857142925262451
0.8695651888847351
0.796875
0.9459459185600281
0.9411764740943909
0.7599999904632568
0.9142857193946838
0.8600000143051147
0.9122806787490845
0.75
0.9245283007621765
0.8695651888847351
0.7931034564971924
0.800000011920929
0.9230769276618958
0.8999999761581421
0.699999988079071
0.7599999904632568
0.8717948794364929
0.7647058963775635
0.9166666865348816
0.8275862336158752
0.7692307829856873
0.7222222089767456
0.8148148059844971
0.5
0.7941176295280457
0.8936170339584351
0.8888888955116272
0.8823529481887817
0.8888888955116272
0.9024389982223511
0.9251700639724731
0.930232584476471
0.8604651093482971
0.8780487775802612
0.954954981803894
0.8775510191917419
0.9166666865348816
0.9076923131942749
0.9473684430122375
0.9166666865348816
0.8333333134651184
0.8947368264198303
0.717391312122345
0.9473684430122375
0.898876428604126
0.8620689511299133
0.914893627166748
0.7333333492279053
0.9090909361839294
0.8518518805503845
0.8636363744735718
0.782608687877655
0.7307692170143127
0.6470588445663452
0.75
0.9444444179534912
0.8461538553237915
0.7714285850524902
0.800000011920929
0.7777777910232544
0.800000011920929
0.6666666865348816
0.8684210777282715
0.84375
0.9230769276618958
0.9200000166893005
0.8636363744735718
0.90625
0.8181818127632141
0.6499999761581421
0.8636363744735718
0.6666666865348816
0.75
0.8928571343421936
0.7857142686843872
0.782608687877655
0.8904109597206116
0.8823529481887817
0.8421052694320679
0.774193525314331
0.8666666746139526
0.8571428656578064
0.8333333134651184
0.8823529481887817
0.75
0.9491525292396545
0.8444444537162781
0.8407079577445984
0.931034505367279
0.7924528121948242
0.9125000238418579
0.8818897604942322
0.8910890817642212
0.8698630332946777
0.9285714030265808
0.9152542352676392
0.9130434989929199
0.7333333492279053
0.9482758641242981
0.8695651888847351
0.930232584476471
0.8571428656578064
0.8942307829856873
0.9266055226325989
0.89552241563797
0.8999999761581421
0.7799999713897705
0.828125
0.8500000238418579
0.90625
0.699999988079071
0.875
0.9552238583564758
0.9347826242446899
0.8333333134651184
0.8695651888847351
0.8333333134651184
0.8666666746139526
0.7777777910232544
0.90625
0.9387755393981934
0.8235294222831726
0.9285714030265808
0.9215686321258545
0.824999988079071
0.9295774698257446
0.8913043737411499
0.8947368264198303
0.8888888955116272
0.8666666746139526
0.8372092843055725
0.8999999761581421
0.9130434989929199
0.800000011920929
0.9285714030265808
0.9259259104728699
0.7272727489471436
0.807692289352417
0.8055555820465088
0.9459459185600281
0.8461538553237915
0.9166666865348816
0.8888888955116272
0.9433962106704712
0.782608687877655
0.875
0.9066666960716248
0.8235294222831726
0.90625
0.90625
0.8500000238418579
0.8999999761581421
0.9090909361839294
0.8648648858070374
0.8235294222831726
0.8684210777282715
0.8571428656578064
0.782608687877655
0.9387755393981934
0.875
0.8947368264198303
0.6842105388641357
0.8965517282485962
0.75
0.9090909361839294
0.7647058963775635
0.9137930870056152
0.8888888955116272
0.7894737124443054
0.9074074029922485
0.774193525314331
0.8709677457809448
0.9152542352676392
0.9318181872367859
0.8863636255264282
0.7727272510528564
0.8333333134651184
0.8684210777282715
0.9090909361839294
0.8181818127632141
0.7804877758026123
0.8913043737411499
0.9253731369972229
0.800000011920929
0.9200000166893005
0.8148148059844971
0.8571428656578064
0.875
0.6875
0.9200000166893005
0.8108108043670654
0.84375
0.8333333134651184
0.9210526347160339
0.8148148059844971
0.9558823704719543
0.9186046719551086
0.9032257795333862
0.7560975551605225
0.8888888955116272
0.8809523582458496
0.930232584476471
0.8695651888847351
0.930232584476471
0.9107142686843872
0.8292682766914368
0.89552241563797
0.782608687877655
0.8365384340286255
0.8771929740905762
0.7428571581840515
0.717391312122345
0.8125
0.8783783912658691
0.8823529481887817
0.8947368264198303
0.9259259104728699
0.9142857193946838
0.8588235378265381
0.8970588445663452
0.8148148059844971
0.8333333134651184
0.875
0.8333333134651184
0.8787878751754761
0.800000011920929
0.8433734774589539
0.7777777910232544
0.875
0.9032257795333862
0.9333333373069763
0.6315789222717285
0.6000000238418579
0.9090909361839294
0.8181818127632141
0.95652174949646
0.8799999952316284
0.8205128312110901
0.9230769276618958
0.8965517282485962
0.8648648858070374
0.7083333134651184
0.8421052694320679
0.75
0.9534883499145508
0.8301886916160583
0.8999999761581421
0.8857142925262451
0.8455284833908081
0.8571428656578064
0.875
0.8684210777282715
0.9108911156654358
0.9545454382896423
0.9014084339141846
0.8571428656578064
0.7111111283302307
0.8863636255264282
0.7547169923782349
0.8309859037399292
0.8072289228439331
0.9459459185600281
0.7763158082962036
0.8389830589294434
0.7200000286102295
0.9636363387107849
0.8157894611358643
0.738095223903656
0.824999988079071
0.824999988079071
0.7692307829856873
0.8888888955116272
0.8947368264198303
0.8837209343910217
0.800000011920929
0.8695651888847351
0.8461538553237915
0.8653846383094788
0.6470588445663452
0.8918918967247009
0.8421052694320679
0.925000011920929
0.8695651888847351
0.6521739363670349
0.875
0.90625
0.739130437374115
0.9166666865348816
0.8837209343910217
0.6499999761581421
0.8421052694320679
0.8333333134651184
0.8823529481887817
0.5555555820465088
0.6315789222717285
0.8823529481887817
0.7118644118309021
0.7096773982048035
0.8125
0.9032257795333862
0.7160493731498718
0.8387096524238586
0.7878788113594055
0.8461538553237915
0.8039215803146362
0.8666666746139526
0.84375
0.9411764740943909
0.6857143044471741
0.7037037014961243
0.8333333134651184
0.71875
0.6666666865348816
0.6153846383094788
0.5909090638160706
0.7407407164573669
0.8367347121238708
0.7831325531005859
0.774193525314331
0.7777777910232544
0.774193525314331
0.746835470199585
0.7037037014961243
0.8444444537162781
0.8481012582778931
0.9268292784690857
0.6521739363670349
0.6818181872367859
0.7027027010917664
0.7321428656578064
0.6153846383094788
0.699999988079071
0.7727272510528564
0.800000011920929
0.8194444179534912
0.7749999761581421
0.8235294222831726
0.84375
0.7638888955116272
0.7857142686843872
0.7540983557701111
0.8888888955116272
0.46666666865348816
0.8095238208770752
0.8387096524238586
0.8484848737716675
0.875
0.6000000238418579
0.6296296119689941
0.8285714387893677
0.8588235378265381
0.8571428656578064
0.9047619104385376
0.8852459192276001
0.800000011920929
0.5555555820465088
0.7777777910232544
0.8333333134651184
0.8888888955116272
0.8205128312110901
0.738095223903656
0.699999988079071
0.824999988079071
0.8936170339584351
0.800000011920929
0.6666666865348816
0.8709677457809448
0.8181818127632141
0.9333333373069763
0.9032257795333862
0.8235294222831726
0.875
0.8529411554336548
0.6842105388641357
0.7272727489471436
0.7777777910232544
0.8421052694320679
0.8799999952316284
0.8888888955116272
0.7142857313156128
0.8389830589294434
0.9090909361839294
0.8181818127632141
0.8163265585899353
0.7222222089767456
0.8305084705352783
0.4000000059604645
0.7916666865348816
0.5555555820465088
0.8461538553237915
0.8461538553237915
0.9137930870056152
0.8999999761581421
0.65625
0.761904776096344
0.8653846383094788
0.8235294222831726
0.8421052694320679
0.800000011920929
0.9722222089767456
0.8695651888847351
0.918367326259613
0.8181818127632141
0.8157894611358643
0.8367347121238708
0.8461538553237915
0.8837209343910217
0.8518518805503845
0.8372092843055725
0.8163265585899353
0.8958333134651184
0.807692289352417
0.7555555701255798
0.9411764740943909
0.9347826242446899
0.8846153616905212
0.8999999761581421
0.8761904835700989
0.8979591727256775
0.9122806787490845
0.782608687877655
0.9347826242446899
0.8627451062202454
0.9019607901573181
0.8085106611251831
0.8775510191917419
0.843137264251709
0.9107142686843872
0.8600000143051147
0.8653846383094788
0.8653846383094788
0.6842105388641357
0.9111111164093018
0.760869562625885
0.8823529481887817
0.9375
0.8666666746139526
0.9387755393981934
0.7708333134651184
0.942307710647583
0.9139785170555115
0.9677419066429138
0.9130434989929199
0.9264705777168274
0.9333333373069763
0.9624999761581421
0.9399999976158142
0.8775510191917419
0.9158878326416016
0.9652174115180969
0.9259259104728699
0.9545454382896423
0.945652186870575
0.8617021441459656
0.930232584476471
0.8679245114326477
0.8857142925262451
0.75
0.9175257682800293
0.8865979313850403
0.8700000047683716
0.8524590134620667
0.7868852615356445
0.9239130616188049
0.8636363744735718
0.9285714030265808
0.9130434989929199
0.8358209133148193
0.8275862336158752
0.699999988079071
0.9375
0.8148148059844971
0.9292929172515869
0.8805969953536987
0.8125
0.9189189076423645
0.8571428656578064
0.9099099040031433
0.8823529481887817
0.7407407164573669
0.9026548862457275
0.8709677457809448
0.7857142686843872
0.9200000166893005
0.936170220375061
0.8928571343421936
0.8235294222831726
0.9047619104385376
0.8611111044883728
0.9047619104385376
0.8571428656578064
0.8999999761581421
0.9178082346916199
0.90625
0.9189189076423645
0.9701492786407471
0.9122806787490845
0.9411764740943909
0.8793103694915771
0.8888888955116272
0.75
0.75
0.9382715821266174
0.8888888955116272
0.8095238208770752
0.6153846383094788
0.8958333134651184
0.9259259104728699
0.7894737124443054
0.8823529481887817
0.9634146094322205
0.75
0.8636363744735718
0.75
0.7692307829856873
0.9428571462631226
0.8095238208770752
0.807692289352417
0.800000011920929
0.692307710647583
0.7222222089767456
0.8999999761581421
0.8799999952316284
0.9298245906829834
0.8928571343421936
0.925000011920929
0.9399999976158142
0.9130434989929199
0.90625
0.9387755393981934
0.8709677457809448
0.8888888955116272
0.8947368264198303
0.8536585569381714
0.7647058963775635
0.9193548560142517
0.9047619104385376
0.8666666746139526
0.9200000166893005
0.8780487775802612
0.9512194991111755
0.8965517282485962
0.8863636255264282
0.875
0.949999988079071
0.75
0.9210526347160339
0.8333333134651184
0.9047619104385376
0.800000011920929
0.875
0.8947368264198303
0.8333333134651184
0.9333333373069763
0.7692307829856873
0.9259259104728699
0.9538461565971375
0.7777777910232544
0.9032257795333862
0.8214285969734192
0.8648648858070374
0.7948718070983887
0.8620689511299133
0.796875
0.8225806355476379
0.9304347634315491
0.9230769276618958
0.7454545497894287
0.795918345451355
0.6666666865348816
0.6857143044471741
0.75
0.7714285850524902
0.5333333611488342
0.8999999761581421
0.8295454382896423
0.8421052694320679
0.7200000286102295
0.8857142925262451
0.8360655903816223
0.800000011920929
0.8292682766914368
0.8695651888847351
0.8333333134651184
0.9152542352676392
0.7222222089767456
0.7777777910232544
0.8518518805503845
0.8030303120613098
0.8611111044883728
0.75
0.7878788113594055
0.774193525314331
0.8717948794364929
0.84375
0.7749999761581421
0.800000011920929
0.9200000166893005
0.8461538553237915
0.9452054500579834
0.8358209133148193
0.8974359035491943
0.8536585569381714
0.9523809552192688
0.8333333134651184
0.89552241563797
0.875
0.8571428656578064
0.800000011920929
0.8113207817077637
0.8902438879013062
0.8947368264198303
0.8085106611251831
0.8125
0.8333333134651184
0.8571428656578064
0.9074074029922485
0.8852459192276001
0.9074074029922485
0.9166666865348816
0.9032257795333862
0.890625
0.8695651888847351
0.8125
0.8846153616905212
0.95652174949646
0.800000011920929
0.7894737124443054
0.8666666746139526
0.7222222089767456
0.8409090638160706
0.9512194991111755
0.8999999761581421
0.9591836929321289
0.9622641801834106
0.8695651888847351
0.8636363744735718
0.875
0.7894737124443054
0.7727272510528564
0.7647058963775635
0.9047619104385376
0.9117646813392639
0.9607843160629272
0.8125
0.9634146094322205
0.9375
0.9578947424888611
0.9354838728904724
0.8095238208770752
0.7894737124443054
0.9032257795333862
0.875
0.9210526347160339
0.9130434989929199
0.75
0.9268292784690857
0.8484848737716675
0.782608687877655
0.8947368264198303
0.8571428656578064
0.9245283007621765
0.8518518805503845
0.9523809552192688
0.9090909361839294
0.8181818127632141
0.8918918967247009
0.75
0.9354838728904724
0.9240506291389465
0.9154929518699646
0.9268292784690857
0.921875
0.9541984796524048
0.9344262480735779
0.9019607901573181
0.9534883499145508
0.9607843160629272
0.9444444179534912
0.9047619104385376
0.800000011920929
0.9259259104728699
0.9130434989929199
0.9298245906829834
0.9047619104385376
0.90625
0.8999999761581421
0.7857142686843872
0.8333333134651184
0.8666666746139526
0.84375
0.9523809552192688
0.7222222089767456
0.800000011920929
0.8269230723381042
0.9117646813392639
0.8999999761581421
0.9102563858032227
0.7857142686843872
0.75
0.8235294222831726
0.8961039185523987
0.8823529481887817
0.8846153616905212
0.6875
0.78125
0.9428571462631226
0.5789473652839661
0.7647058963775635
0.9384615421295166
0.7647058963775635
0.9512194991111755
0.7599999904632568
0.9636363387107849
0.875
0.9318181872367859
0.8399999737739563
0.9285714030265808
0.8571428656578064
0.8260869383811951
0.800000011920929
0.6470588445663452
0.9333333373069763
0.90625
0.9032257795333862
0.8888888955116272
0.9166666865348816
0.8260869383811951
0.5714285969734192
0.8936170339584351
0.8666666746139526
0.7868852615356445
0.8999999761581421
0.7599999904632568
0.9268292784690857
0.9230769276618958
0.9444444179534912
0.8999999761581421
0.8125
0.9166666865348816
0.8684210777282715
0.8095238208770752
0.7368420958518982
0.8666666746139526
0.8461538553237915
0.875
0.9285714030265808
0.8275862336158752
0.8823529481887817
0.9459459185600281
0.8857142925262451
0.8636363744735718
0.875
0.8285714387893677
0.9032257795333862
0.9230769276618958
0.8863636255264282
0.8415841460227966
0.8823529481887817
0.8399999737739563
0.9629629850387573
0.9032257795333862
0.8679245114326477
0.841269850730896
0.8571428656578064
0.8275862336158752
0.8666666746139526
0.8421052694320679
0.8333333134651184
0.7222222089767456
0.8666666746139526
0.7692307829856873
0.7575757503509521
0.6842105388641357
0.8333333134651184
0.6896551847457886
0.692307710647583
0.7647058963775635
0.75
0.800000011920929
0.7142857313156128
0.807692289352417
0.8727272748947144
0.8518518805503845
0.8571428656578064
0.7272727489471436
0.6451612710952759
0.8095238208770752
0.837837815284729
0.8181818127632141
0.8805969953536987
0.7428571581840515
0.5151515007019043
0.7857142686843872
0.7333333492279053
0.8235294222831726
0.8333333134651184
0.7777777910232544
0.8636363744735718
0.8055555820465088
0.8958333134651184
0.8500000238418579
0.7419354915618896
0.46666666865348816
0.8837209343910217
0.8333333134651184
0.7575757503509521
0.6808510422706604
0.895348846912384
0.6730769276618958
0.7599999904632568
0.7647058963775635
0.7027027010917664
0.675000011920929
0.6363636255264282
0.8461538553237915
0.7684210538864136
0.782608687877655
0.75
0.6206896305084229
0.9230769276618958
0.8648648858070374
0.4399999976158142
0.8709677457809448
0.695652186870575
0.6666666865348816
0.7647058963775635
0.8095238208770752
0.7341772317886353
0.8181818127632141
0.6666666865348816
0.8148148059844971
0.7878788113594055
0.800000011920929
0.8421052694320679
0.7105262875556946
0.7941176295280457
0.5555555820465088
0.6875
0.6190476417541504
0.5862069129943848
0.891566276550293
0.9230769276618958
0.8301886916160583
0.8275862336158752
0.760869562625885
0.6666666865348816
0.9285714030265808
0.9375
0.9354838728904724
0.7777777910232544
0.7083333134651184
0.7692307829856873
0.5512820482254028
0.6000000238418579
0.8125
0.8846153616905212
0.8500000238418579
0.800000011920929
0.7857142686843872
0.75
0.9016393423080444
0.9090909361839294
0.7931034564971924
0.8367347121238708
0.75
0.8666666746139526
0.9047619104385376
0.8333333134651184
0.8260869383811951
0.8965517282485962
0.8387096524238586
0.9516128897666931
0.9268292784690857
0.8235294222831726
0.6086956262588501
0.9076923131942749
0.6666666865348816
0.8048780560493469
0.8181818127632141
0.8857142925262451
0.8392857313156128
0.6666666865348816
0.9253731369972229
0.8285714387893677
0.9545454382896423
0.699999988079071
0.824999988079071
0.7692307829856873
0.9569892287254333
0.6969696879386902
0.8999999761581421
0.9268292784690857
0.8666666746139526
0.9024389982223511
0.843137264251709
0.875
0.8125
0.8846153616905212
0.8882978558540344
0.8550724387168884
0.9193548560142517
0.8623853325843811
0.8513513803482056
0.920634925365448
0.9117646813392639
0.7777777910232544
0.8518518805503845
0.9056603908538818
0.8928571343421936
0.875
0.8414633870124817
0.8235294222831726
