0.9375
0.9555555582046509
0.8333333134651184
0.8571428656578064
0.800000011920929
0.875
0.9117646813392639
0.9024389982223511
0.8983050584793091
0.9268292784690857
0.9230769276618958
0.8571428656578064
0.8947368264198303
0.8918918967247009
0.8333333134651184
0.8399999737739563
0.9130434989929199
0.9285714030265808
0.8965517282485962
0.8518518805503845
0.9166666865348816
0.8888888955116272
0.8399999737739563
0.8709677457809448
0.9210526347160339
0.9166666865348816
0.824999988079071
0.875
0.7916666865348816
0.8421052694320679
0.918367326259613
0.8095238208770752
0.9264705777168274
0.875
0.8999999761581421
0.90625
0.8636363744735718
0.9545454382896423
0.9473684430122375
0.8604651093482971
0.9736841917037964
0.8636363744735718
0.9111111164093018
0.8333333134651184
0.8695651888847351
0.9285714030265808
0.8799999952316284
0.9130434989929199
0.9444444179534912
0.8484848737716675
0.9130434989929199
0.8666666746139526
0.9166666865348816
0.8913043737411499
0.9130434989929199
0.7647058963775635
0.774193525314331
0.9642857313156128
0.9047619104385376
0.8799999952316284
0.9090909361839294
0.9433962106704712
0.8799999952316284
0.9285714030265808
0.9298245906829834
0.8333333134651184
0.8285714387893677
0.9538461565971375
0.7352941036224365
0.8433734774589539
0.8947368264198303
0.8620689511299133
0.807692289352417
0.9252336621284485
0.914893627166748
0.90625
0.9245283007621765
0.8846153616905212
0.8823529481887817
0.8333333134651184
0.8181818127632141
0.8421052694320679
0.8846153616905212
0.8529411554336548
0.8999999761581421
0.9142857193946838
0.8695651888847351
0.90625
0.9459459185600281
0.9411764740943909
0.8799999952316284
0.9428571462631226
0.8999999761581421
0.9298245906829834
0.8125
0.9245283007621765
0.8695651888847351
0.7931034564971924
0.8571428656578064
0.9230769276618958
0.925000011920929
0.8500000238418579
0.7599999904632568
0.8974359035491943
0.8823529481887817
0.9333333373069763
0.8965517282485962
0.8461538553237915
0.7222222089767456
0.8888888955116272
0.5833333134651184
0.9117646813392639
0.936170220375061
0.9222221970558167
0.8823529481887817
0.8888888955116272
0.9024389982223511
0.9523809552192688
0.930232584476471
0.8372092843055725
0.9024389982223511
0.9369369149208069
0.8979591727256775
0.8999999761581421
0.9230769276618958
0.9473684430122375
0.9375
0.8703703880310059
0.8947368264198303
0.804347813129425
0.9473684430122375
0.9438202381134033
0.931034505367279
0.936170220375061
0.6666666865348816
0.9090909361839294
0.9259259104728699
0.8636363744735718
0.8695651888847351
0.807692289352417
0.7058823704719543
0.75
0.9444444179534912
0.8461538553237915
0.800000011920929
0.8399999737739563
0.7777777910232544
0.8500000238418579
0.800000011920929
0.9473684430122375
0.90625
0.9230769276618958
0.9333333373069763
0.8181818127632141
0.84375
0.8636363744735718
0.75
0.9090909361839294
0.6666666865348816
0.8333333134651184
0.8928571343421936
0.75
0.8260869383811951
0.9178082346916199
0.8823529481887817
0.8421052694320679
0.774193525314331
0.8666666746139526
0.9285714030265808
0.8333333134651184
0.8823529481887817
0.875
0.8813559412956238
0.8888888955116272
0.8849557638168335
0.9482758641242981
0.9056603908538818
0.925000011920929
0.8818897604942322
0.9207921028137207
0.8835616707801819
0.9642857313156128
0.8644067645072937
0.9420289993286133
0.8666666746139526
0.9655172228813171
0.9420289993286133
0.930232584476471
0.9097744226455688
0.8942307829856873
0.9357798099517822
0.89552241563797
0.9399999976158142
0.8600000143051147
0.84375
0.875
0.90625
0.800000011920929
0.875
0.9701492786407471
0.9347826242446899
0.8666666746139526
0.8840579986572266
0.8666666746139526
0.8999999761581421
0.7222222089767456
0.9375
0.9387755393981934
0.9117646813392639
0.9285714030265808
0.9215686321258545
0.925000011920929
0.9014084339141846
0.8695651888847351
0.9210526347160339
0.8888888955116272
0.8666666746139526
0.8837209343910217
0.9399999976158142
0.9130434989929199
0.800000011920929
0.9285714030265808
0.9259259104728699
0.7727272510528564
0.9230769276618958
0.9444444179534912
0.9459459185600281
0.8846153616905212
0.9166666865348816
0.9111111164093018
0.9433962106704712
0.8260869383811951
0.9166666865348816
0.9333333373069763
0.8235294222831726
0.9375
0.90625
0.875
0.925000011920929
0.9272727370262146
0.8918918967247009
0.8529411554336548
0.8684210777282715
0.9285714030265808
0.782608687877655
0.9591836929321289
0.875
0.8947368264198303
0.7368420958518982
0.931034505367279
0.7916666865348816
0.9090909361839294
0.8823529481887817
0.9655172228813171
0.8333333134651184
0.8421052694320679
0.9444444179534912
0.774193525314331
0.9354838728904724
0.8983050584793091
0.9318181872367859
0.9090909361839294
0.9090909361839294
0.9333333373069763
0.8947368264198303
0.939393937587738
0.8727272748947144
0.9268292784690857
0.8913043737411499
0.9402984976768494
0.800000011920929
0.8799999952316284
0.8518518805503845
0.8571428656578064
0.90625
0.78125
0.9200000166893005
0.9189189076423645
0.84375
0.7777777910232544
0.9473684430122375
0.8518518805503845
0.8823529481887817
0.930232584476471
0.9032257795333862
0.8780487775802612
0.8888888955116272
0.8809523582458496
0.9534883499145508
0.8913043737411499
0.8372092843055725
0.9285714030265808
0.9268292784690857
0.8656716346740723
0.8913043737411499
0.8846153616905212
0.8245614171028137
0.9428571462631226
0.8913043737411499
0.75
0.9189189076423645
0.8823529481887817
0.8947368264198303
0.9074074029922485
0.9142857193946838
0.9058823585510254
0.9264705777168274
0.8518518805503845
0.8333333134651184
0.8333333134651184
0.8333333134651184
0.8484848737716675
0.8571428656578064
0.8554216623306274
0.8333333134651184
0.875
0.9032257795333862
0.8999999761581421
0.8421052694320679
0.6666666865348816
0.8636363744735718
0.8181818127632141
0.9347826242446899
0.8799999952316284
0.9230769276618958
0.9487179517745972
0.8620689511299133
0.8648648858070374
0.875
0.8421052694320679
0.8333333134651184
0.9534883499145508
0.8301886916160583
0.925000011920929
0.8571428656578064
0.8455284833908081
0.9047619104385376
0.875
0.8947368264198303
0.9603960514068604
0.918181836605072
0.9366196990013123
0.8333333134651184
0.9111111164093018
0.8636363744735718
0.8301886916160583
0.8732394576072693
0.9156626462936401
0.9459459185600281
0.8815789222717285
0.8898305296897888
0.8399999737739563
0.9636363387107849
0.8157894611358643
0.761904776096344
0.875
0.75
0.7692307829856873
0.8518518805503845
0.8947368264198303
0.8604651093482971
0.800000011920929
0.9347826242446899
0.8461538553237915
0.942307710647583
0.7647058963775635
0.9189189076423645
0.8421052694320679
0.8999999761581421
0.8478260636329651
0.782608687877655
0.8928571343421936
0.90625
0.8260869383811951
0.875
0.8139534592628479
0.75
0.8421052694320679
0.8333333134651184
0.8823529481887817
0.7777777910232544
0.6842105388641357
0.8529411554336548
0.7627118825912476
0.8387096524238586
0.887499988079071
0.9032257795333862
0.8641975522041321
0.8064516186714172
0.8484848737716675
0.8846153616905212
0.8235294222831726
0.8666666746139526
0.8958333134651184
0.9607843160629272
0.699999988079071
0.8395061492919922
0.8888888955116272
0.8125
0.8148148059844971
0.7692307829856873
0.5909090638160706
0.8148148059844971
0.9387755393981934
0.8313252925872803
0.8387096524238586
0.8333333134651184
0.8064516186714172
0.7594936490058899
0.8518518805503845
0.8222222328186035
0.9240506291389465
0.8780487775802612
0.782608687877655
0.7727272510528564
0.837837815284729
0.7857142686843872
0.8717948794364929
0.800000011920929
0.8181818127632141
0.875
0.8333333134651184
0.875
0.8823529481887817
0.84375
0.8472222089767456
0.7857142686843872
0.7868852615356445
0.8666666746139526
0.5333333611488342
0.8095238208770752
0.7096773982048035
0.8787878751754761
0.875
0.8399999737739563
0.7777777910232544
0.8428571224212646
0.8117647171020508
0.8857142925262451
0.9047619104385376
0.8852459192276001
0.8571428656578064
0.5555555820465088
0.817460298538208
0.8958333134651184
0.8888888955116272
0.9487179517745972
0.8809523582458496
0.8500000238418579
0.949999988079071
0.914893627166748
0.75
0.7222222089767456
0.8709677457809448
0.8636363744735718
0.8666666746139526
0.8709677457809448
0.7647058963775635
0.875
0.9558823704719543
0.6842105388641357
0.7272727489471436
0.7777777910232544
0.8684210777282715
0.8799999952316284
0.9166666865348816
0.8857142925262451
0.9067796468734741
0.9090909361839294
0.8181818127632141
0.8979591727256775
0.7777777910232544
0.8983050584793091
0.6000000238418579
0.8333333134651184
0.5555555820465088
0.8461538553237915
0.8461538553237915
0.9482758641242981
0.949999988079071
0.78125
0.8095238208770752
0.9038461446762085
0.8529411554336548
0.8421052694320679
0.8333333134651184
0.9583333134651184
0.8913043737411499
0.9081632494926453
0.8181818127632141
0.9210526347160339
0.8979591727256775
0.9038461446762085
0.9069767594337463
0.8703703880310059
0.8837209343910217
0.8571428656578064
0.8958333134651184
0.9230769276618958
0.7555555701255798
0.9411764740943909
0.9130434989929199
0.9230769276618958
0.949999988079071
0.8952381014823914
0.918367326259613
0.9473684430122375
0.804347813129425
0.9130434989929199
0.9019607901573181
0.9019607901573181
0.8510638475418091
0.8775510191917419
0.8627451062202454
0.9464285969734192
0.8999999761581421
0.8653846383094788
0.9038461446762085
0.6842105388641357
0.9333333373069763
0.8478260636329651
0.8823529481887817
0.9583333134651184
0.9111111164093018
0.9387755393981934
0.8541666865348816
0.9615384340286255
0.8924731016159058
0.9677419066429138
0.9347826242446899
0.9411764740943909
0.949999988079071
0.9624999761581421
0.949999988079071
0.8979591727256775
0.9065420627593994
0.947826087474823
0.9382715821266174
0.9363636374473572
0.9347826242446899
0.9042553305625916
0.9186046719551086
0.8679245114326477
0.9047619104385376
0.9464285969734192
0.938144326210022
0.938144326210022
0.8700000047683716
0.8852459192276001
0.8032786846160889
0.9239130616188049
0.8939393758773804
0.9523809552192688
0.8985507488250732
0.9253731369972229
0.8620689511299133
0.7333333492279053
0.84375
0.8888888955116272
0.9292929172515869
0.89552241563797
0.8958333134651184
0.9594594836235046
0.8809523582458496
0.9279279112815857
0.9019607901573181
0.8148148059844971
0.9469026327133179
0.8548387289047241
0.7857142686843872
0.9200000166893005
0.957446813583374
0.9107142686843872
0.8235294222831726
0.9166666865348816
0.8611111044883728
0.8888888955116272
0.8857142925262451
0.8999999761581421
0.9178082346916199
0.9375
0.9189189076423645
0.9701492786407471
0.8771929740905762
0.9215686321258545
0.9137930870056152
0.9166666865348816
0.8611111044883728
0.75
0.9382715821266174
0.9259259104728699
0.8571428656578064
0.7692307829856873
0.8541666865348816
0.8888888955116272
0.8421052694320679
0.8823529481887817
0.9756097793579102
0.8125
0.8636363744735718
0.875
0.7692307829856873
0.9428571462631226
0.761904776096344
0.9230769276618958
0.800000011920929
0.692307710647583
0.7222222089767456
0.8666666746139526
0.9200000166893005
0.9298245906829834
0.8928571343421936
0.875
0.9399999976158142
0.8695651888847351
0.921875
0.9591836929321289
0.9354838728904724
0.8888888955116272
0.8947368264198303
0.8536585569381714
0.8235294222831726
0.9193548560142517
0.9047619104385376
0.8666666746139526
0.9200000166893005
0.9268292784690857
0.9512194991111755
0.931034505367279
0.9545454382896423
0.9375
0.949999988079071
0.75
0.9473684430122375
0.8888888955116272
0.9285714030265808
0.800000011920929
0.8125
0.8421052694320679
0.75
0.9333333373069763
0.8461538553237915
0.9259259104728699
0.9538461565971375
0.8333333134651184
0.8548387289047241
0.8928571343421936
0.8918918967247009
0.7948718070983887
0.8965517282485962
0.84375
0.9193548560142517
0.9304347634315491
0.9384615421295166
0.7636363506317139
0.8367347121238708
0.8148148059844971
0.800000011920929
0.75
0.8285714387893677
0.6666666865348816
0.9222221970558167
0.8636363744735718
0.8947368264198303
0.8799999952316284
0.8571428656578064
0.9016393423080444
0.887499988079071
0.8292682766914368
0.8913043737411499
0.8666666746139526
0.9152542352676392
0.7777777910232544
0.8444444537162781
0.8518518805503845
0.9166666865348816
0.9166666865348816
0.8181818127632141
0.8484848737716675
0.9032257795333862
0.8717948794364929
0.90625
0.8500000238418579
0.800000011920929
0.8999999761581421
0.8653846383094788
0.9452054500579834
0.8507462739944458
0.9572649598121643
0.9024389982223511
0.9365079402923584
0.8333333134651184
0.9179104566574097
0.9027777910232544
0.8571428656578064
0.8500000238418579
0.9245283007621765
0.9146341681480408
0.7631579041481018
0.7446808218955994
0.859375
0.8888888955116272
0.8571428656578064
0.9074074029922485
0.8524590134620667
0.9074074029922485
0.8888888955116272
0.9354838728904724
0.9375
0.9130434989929199
0.84375
0.9230769276618958
0.95652174949646
0.8333333134651184
0.7894737124443054
0.8888888955116272
0.8333333134651184
0.9090909361839294
0.9268292784690857
0.9399999976158142
0.9591836929321289
0.9622641801834106
0.9130434989929199
0.8636363744735718
0.875
0.8421052694320679
0.8863636255264282
0.8235294222831726
0.9047619104385376
0.9117646813392639
0.9411764740943909
0.75
0.9512194991111755
0.9583333134651184
0.9578947424888611
0.8709677457809448
0.8095238208770752
0.8421052694320679
0.9354838728904724
0.8999999761581421
0.9473684430122375
0.9130434989929199
0.8500000238418579
0.9268292784690857
0.8484848737716675
0.8260869383811951
0.9736841917037964
0.8571428656578064
0.9245283007621765
0.8888888955116272
0.9523809552192688
0.9090909361839294
0.8863636255264282
0.8918918967247009
0.8928571343421936
0.9516128897666931
0.9620253443717957
0.9154929518699646
0.9634146094322205
0.921875
0.8931297659873962
0.9016393423080444
0.9411764740943909
0.9534883499145508
0.9607843160629272
0.9259259104728699
0.9523809552192688
0.75
0.9259259104728699
0.782608687877655
0.9649122953414917
0.8571428656578064
0.90625
0.8999999761581421
0.8571428656578064
0.8999999761581421
0.8666666746139526
0.90625
0.9523809552192688
0.8333333134651184
0.800000011920929
0.8653846383094788
0.9117646813392639
0.8999999761581421
0.9102563858032227
0.8571428656578064
0.8500000238418579
0.7647058963775635
0.8961039185523987
0.8627451062202454
0.8846153616905212
0.75
0.84375
0.9142857193946838
0.6842105388641357
0.7058823704719543
0.9384615421295166
0.843137264251709
0.9512194991111755
0.800000011920929
0.9272727370262146
0.875
0.9318181872367859
0.8399999737739563
0.8928571343421936
0.8857142925262451
0.8695651888847351
0.800000011920929
0.7058823704719543
0.9333333373069763
0.9375
0.9032257795333862
0.9259259104728699
0.9333333373069763
0.8695651888847351
0.8095238208770752
0.914893627166748
0.9333333373069763
0.868852436542511
0.9333333373069763
0.8399999737739563
0.9390243887901306
0.9230769276618958
0.9444444179534912
0.8500000238418579
0.8125
0.9166666865348816
0.9473684430122375
0.8095238208770752
0.7894737124443054
0.8666666746139526
0.8717948794364929
0.90625
0.9285714030265808
0.7931034564971924
0.8823529481887817
0.9459459185600281
0.9142857193946838
0.8636363744735718
0.9166666865348816
0.8571428656578064
0.9032257795333862
0.9230769276618958
0.9090909361839294
0.8811880946159363
0.8823529481887817
0.8399999737739563
0.9629629850387573
0.9354838728904724
0.9056603908538818
0.9523809552192688
0.8571428656578064
0.8275862336158752
0.8666666746139526
0.8947368264198303
0.800000011920929
0.7222222089767456
0.7666666507720947
0.7307692170143127
0.8787878751754761
0.7894737124443054
0.8666666746139526
0.6551724076271057
0.692307710647583
0.9117646813392639
0.8999999761581421
0.800000011920929
0.6428571343421936
0.7692307829856873
0.8181818127632141
0.8703703880310059
0.9428571462631226
0.6818181872367859
0.774193525314331
0.8095238208770752
0.8648648858070374
0.8909090757369995
0.8656716346740723
0.7428571581840515
0.5757575631141663
0.8571428656578064
0.8285714387893677
0.8235294222831726
0.7777777910232544
0.7222222089767456
0.9090909361839294
0.8888888955116272
0.875
0.800000011920929
0.7419354915618896
0.46666666865348816
0.9069767594337463
0.8333333134651184
0.7878788113594055
0.7234042286872864
0.9186046719551086
0.7307692170143127
0.800000011920929
0.8529411554336548
0.8108108043670654
0.824999988079071
0.6818181872367859
0.7692307829856873
0.8421052694320679
0.804347813129425
0.6666666865348816
0.7586206793785095
0.807692289352417
0.7567567825317383
0.6000000238418579
0.8387096524238586
0.804347813129425
0.6666666865348816
0.7647058963775635
0.7142857313156128
0.8101266026496887
0.8484848737716675
0.7575757503509521
0.8148148059844971
0.8484848737716675
0.8999999761581421
0.8947368264198303
0.8421052694320679
0.8529411554336548
0.7037037014961243
0.75
0.8571428656578064
0.5862069129943848
0.891566276550293
0.8615384697914124
0.8679245114326477
0.8620689511299133
0.760869562625885
0.7777777910232544
0.9523809552192688
0.9375
0.9354838728904724
0.7555555701255798
0.75
0.8205128312110901
0.7692307829856873
0.6399999856948853
0.875
0.8846153616905212
0.75
0.8285714387893677
0.8571428656578064
0.78125
0.8852459192276001
0.8787878751754761
0.7931034564971924
0.8775510191917419
0.6666666865348816
0.8666666746139526
0.9285714030265808
0.9333333373069763
0.8695651888847351
0.931034505367279
0.8225806355476379
0.9677419066429138
0.9024389982223511
0.7647058963775635
0.782608687877655
0.9076923131942749
0.7777777910232544
0.8780487775802612
0.8636363744735718
0.9142857193946838
0.8571428656578064
0.8333333134651184
0.9402984976768494
0.8857142925262451
0.9545454382896423
0.800000011920929
0.875
0.7692307829856873
0.9032257795333862
0.8181818127632141
0.8999999761581421
0.9024389982223511
0.8999999761581421
0.9512194991111755
0.8627451062202454
0.875
0.875
0.9230769276618958
0.8989361524581909
0.8695651888847351
0.9596773982048035
0.8990825414657593
0.9189189076423645
0.9523809552192688
0.9264705777168274
0.8148148059844971
0.9259259104728699
0.9245283007621765
0.9285714030265808
0.9107142686843872
0.8780487775802612
0.8823529481887817
