0.9375
0.9555555582046509
0.9166666865348816
0.9047619104385376
0.8666666746139526
0.949999988079071
0.9411764740943909
0.9024389982223511
0.9661017060279846
0.9512194991111755
0.9230769276618958
0.9428571462631226
0.8421052694320679
0.9189189076423645
0.9333333373069763
0.9200000166893005
0.9130434989929199
0.9523809552192688
0.931034505367279
0.9259259104728699
0.9444444179534912
0.8333333134651184
0.9200000166893005
0.9354838728904724
0.9473684430122375
0.9166666865348816
0.8999999761581421
0.90625
0.8333333134651184
0.8421052694320679
0.9591836929321289
0.8571428656578064
0.970588207244873
0.875
0.8500000238418579
0.90625
0.8636363744735718
0.9545454382896423
0.9473684430122375
0.9534883499145508
0.9736841917037964
0.8636363744735718
0.9555555582046509
0.8333333134651184
0.9130434989929199
0.9285714030265808
0.9200000166893005
0.9130434989929199
0.9444444179534912
0.939393937587738
0.9130434989929199
0.9333333373069763
0.9375
0.9347826242446899
0.9130434989929199
0.8529411554336548
0.9354838728904724
0.9464285969734192
0.9047619104385376
0.9200000166893005
0.939393937587738
0.9622641801834106
0.9200000166893005
0.9285714030265808
0.9649122953414917
0.8333333134651184
0.8857142925262451
0.9538461565971375
0.8823529481887817
0.9518072009086609
0.8421052694320679
0.8965517282485962
0.8846153616905212
0.9813084006309509
0.957446813583374
0.9375
0.9622641801834106
0.9230769276618958
0.9117646813392639
0.875
0.8787878751754761
0.8684210777282715
0.9230769276618958
0.9117646813392639
0.8999999761581421
0.9428571462631226
0.9130434989929199
0.953125
0.9459459185600281
0.9411764740943909
0.9200000166893005
0.9428571462631226
0.9200000166893005
0.9473684430122375
0.8125
0.9245283007621765
0.9130434989929199
0.931034505367279
0.9142857193946838
0.9230769276618958
0.925000011920929
0.8500000238418579
0.8399999737739563
0.9487179517745972
0.8235294222831726
0.9666666388511658
0.8965517282485962
0.8846153616905212
0.7777777910232544
0.9259259104728699
0.8333333134651184
0.9117646813392639
0.914893627166748
0.9666666388511658
0.9607843160629272
0.9333333373069763
0.9268292784690857
0.9727891087532043
0.9534883499145508
0.930232584476471
0.9024389982223511
0.9819819927215576
0.918367326259613
0.949999988079071
0.9538461565971375
0.9624060392379761
0.9375
0.9259259104728699
0.8947368264198303
0.9130434989929199
0.9473684430122375
0.9438202381134033
0.8965517282485962
0.957446813583374
0.800000011920929
0.9318181872367859
0.9444444179534912
0.9090909361839294
0.9130434989929199
0.8461538553237915
0.8235294222831726
0.875
0.9444444179534912
0.8846153616905212
0.9428571462631226
0.8799999952316284
0.8333333134651184
0.8999999761581421
0.8666666746139526
0.9473684430122375
0.9375
0.9230769276618958
0.9599999785423279
0.8636363744735718
0.9375
0.9090909361839294
0.8999999761581421
0.9090909361839294
0.6666666865348816
0.8333333134651184
0.9285714030265808
0.8571428656578064
0.9130434989929199
0.9589040875434875
0.8823529481887817
0.8947368264198303
0.9032257795333862
0.8999999761581421
0.8928571343421936
0.9166666865348816
0.9411764740943909
0.9375
0.9661017060279846
0.9555555582046509
0.9646017551422119
0.9655172228813171
0.9056603908538818
0.9750000238418579
0.9842519760131836
0.9603960514068604
0.9589040875434875
0.9642857313156128
0.9491525292396545
0.9710144996643066
0.8666666746139526
0.9482758641242981
0.9130434989929199
0.9767441749572754
0.9398496150970459
0.9615384340286255
0.963302731513977
0.9253731369972229
0.9599999785423279
0.8399999737739563
0.921875
0.925000011920929
0.96875
0.800000011920929
0.875
0.9701492786407471
0.95652174949646
0.8999999761581421
0.9420289993286133
0.9333333373069763
0.8666666746139526
0.8333333134651184
0.9375
0.9387755393981934
0.9117646813392639
0.9285714030265808
0.9411764740943909
0.925000011920929
0.9577465057373047
0.9130434989929199
0.9473684430122375
0.9259259104728699
0.8666666746139526
0.930232584476471
0.9599999785423279
0.9130434989929199
0.800000011920929
0.9285714030265808
0.9259259104728699
0.8636363744735718
0.9230769276618958
0.9583333134651184
0.9594594836235046
0.9230769276618958
0.9583333134651184
0.9111111164093018
0.9622641801834106
0.8695651888847351
0.9166666865348816
0.9599999785423279
0.8823529481887817
0.9375
0.9375
0.949999988079071
0.925000011920929
0.9454545378684998
0.9459459185600281
0.9117646813392639
0.9473684430122375
0.9285714030265808
0.8260869383811951
0.9591836929321289
0.875
0.8947368264198303
0.8947368264198303
0.931034505367279
0.7916666865348816
0.9090909361839294
0.8823529481887817
0.9655172228813171
0.8888888955116272
0.8421052694320679
0.9629629850387573
0.9032257795333862
0.9354838728904724
0.9152542352676392
0.9545454382896423
0.9545454382896423
0.9090909361839294
0.9333333373069763
0.9210526347160339
0.939393937587738
0.9090909361839294
0.9268292784690857
0.9347826242446899
0.9552238583564758
0.8666666746139526
0.9200000166893005
0.9259259104728699
0.8571428656578064
0.9375
0.875
0.9200000166893005
0.9189189076423645
0.90625
0.8888888955116272
0.9210526347160339
0.9259259104728699
0.9558823704719543
0.9534883499145508
0.9354838728904724
0.8292682766914368
0.9166666865348816
0.9285714030265808
0.9534883499145508
0.95652174949646
0.9534883499145508
0.9642857313156128
0.9268292784690857
0.9253731369972229
0.8695651888847351
0.9807692170143127
0.9298245906829834
0.9428571462631226
0.9347826242446899
0.8125
0.9594594836235046
0.8823529481887817
0.8421052694320679
0.9444444179534912
0.9428571462631226
0.9529411792755127
0.970588207244873
0.8518518805503845
0.8333333134651184
0.9583333134651184
0.8888888955116272
0.9090909361839294
0.9142857193946838
0.9397590160369873
0.8888888955116272
0.875
0.9354838728904724
0.9333333373069763
0.8947368264198303
0.800000011920929
0.8636363744735718
0.9090909361839294
0.9347826242446899
0.9200000166893005
0.9487179517745972
0.9487179517745972
0.931034505367279
0.8918918967247009
0.875
0.8421052694320679
0.8333333134651184
0.9534883499145508
0.9245283007621765
0.949999988079071
0.9142857193946838
0.9512194991111755
0.9523809552192688
0.9375
0.9473684430122375
0.9702970385551453
0.9727272987365723
0.9577465057373047
0.8571428656578064
0.9555555582046509
0.9090909361839294
0.8679245114326477
0.9577465057373047
0.9518072009086609
0.9729729890823364
0.9605262875556946
0.9406779408454895
0.8799999952316284
0.9272727370262146
0.9473684430122375
0.9047619104385376
0.925000011920929
0.8999999761581421
0.6153846383094788
0.9259259104728699
0.8421052694320679
0.9069767594337463
0.800000011920929
0.95652174949646
0.9230769276618958
0.942307710647583
0.8823529481887817
0.9459459185600281
0.8947368264198303
0.949999988079071
0.9347826242446899
0.9130434989929199
0.9642857313156128
0.90625
0.8695651888847351
0.9166666865348816
0.8837209343910217
0.8500000238418579
0.8421052694320679
0.8888888955116272
0.8823529481887817
0.7222222089767456
0.8947368264198303
0.9117646813392639
0.8474576473236084
0.9032257795333862
0.9375
0.9032257795333862
0.9135802388191223
0.9032257795333862
0.8484848737716675
0.9230769276618958
0.8627451062202454
0.8999999761581421
0.9791666865348816
0.9607843160629272
0.8714285492897034
0.9135802388191223
0.8888888955116272
0.84375
0.8518518805503845
0.8461538553237915
0.8181818127632141
0.9259259104728699
0.9591836929321289
0.9759036302566528
0.9032257795333862
0.8888888955116272
0.9354838728904724
0.8987341523170471
0.9259259104728699
0.9555555582046509
0.949367105960846
0.9268292784690857
0.782608687877655
0.8181818127632141
0.8648648858070374
0.9285714030265808
0.8974359035491943
0.8500000238418579
0.9090909361839294
0.949999988079071
0.9444444179534912
0.925000011920929
0.8823529481887817
0.90625
0.9444444179534912
0.8571428656578064
0.9016393423080444
0.9555555582046509
0.800000011920929
0.9047619104385376
0.9032257795333862
0.8787878751754761
0.875
0.8799999952316284
0.8518518805503845
0.9285714030265808
0.9411764740943909
0.9428571462631226
0.9523809552192688
0.9344262480735779
0.9142857193946838
0.7777777910232544
0.9365079402923584
0.8958333134651184
0.9166666865348816
0.9743589758872986
0.8809523582458496
0.8500000238418579
0.949999988079071
0.936170220375061
0.8500000238418579
0.8333333134651184
0.9032257795333862
0.9090909361839294
0.9333333373069763
0.9032257795333862
0.8823529481887817
0.9166666865348816
0.9558823704719543
0.8947368264198303
0.8181818127632141
0.7777777910232544
0.8947368264198303
0.9599999785423279
0.9166666865348816
0.9428571462631226
0.9576271176338196
0.939393937587738
0.8181818127632141
0.8775510191917419
0.8888888955116272
0.8983050584793091
0.75
0.9166666865348816
0.5555555820465088
0.8461538553237915
0.8461538553237915
0.9655172228813171
0.9666666388511658
0.90625
0.8571428656578064
0.942307710647583
0.8823529481887817
0.8421052694320679
0.8999999761581421
0.9722222089767456
0.8913043737411499
0.9489796161651611
0.9090909361839294
0.9210526347160339
0.9387755393981934
0.9615384340286255
0.930232584476471
0.9074074029922485
0.9534883499145508
0.8979591727256775
0.9583333134651184
0.942307710647583
0.9111111164093018
0.9607843160629272
0.9347826242446899
0.9615384340286255
0.9666666388511658
0.9523809552192688
0.9387755393981934
0.9649122953414917
0.8695651888847351
0.95652174949646
0.9607843160629272
0.9411764740943909
0.914893627166748
0.8775510191917419
0.8627451062202454
0.9642857313156128
0.9200000166893005
0.9230769276618958
0.9615384340286255
0.6842105388641357
0.9555555582046509
0.9130434989929199
0.9411764740943909
0.9583333134651184
0.9555555582046509
0.9387755393981934
0.9166666865348816
0.9615384340286255
0.9247311949729919
0.9784946441650391
0.95652174949646
0.970588207244873
0.9833333492279053
0.9624999761581421
0.9599999785423279
0.918367326259613
0.9439252614974976
0.9739130139350891
0.9629629850387573
0.9545454382896423
0.967391312122345
0.936170220375061
0.9534883499145508
0.8867924809455872
0.9714285731315613
0.9642857313156128
0.9793814420700073
0.9587628841400146
0.9599999785423279
0.9180327653884888
0.9016393423080444
0.95652174949646
0.9545454382896423
0.9523809552192688
0.9420289993286133
0.9552238583564758
0.8965517282485962
0.8666666746139526
0.9375
0.9382715821266174
0.9797979593276978
0.9552238583564758
0.9375
0.9594594836235046
0.9523809552192688
0.9819819927215576
0.9607843160629272
0.8888888955116272
0.9557521939277649
0.9516128897666931
0.8571428656578064
0.9200000166893005
0.957446813583374
0.9642857313156128
0.8235294222831726
0.9642857313156128
0.9166666865348816
0.9523809552192688
0.9142857193946838
0.8999999761581421
0.9726027250289917
0.9375
0.9189189076423645
0.9701492786407471
0.9473684430122375
0.9607843160629272
0.9655172228813171
0.9444444179534912
0.9444444179534912
0.8125
0.9629629850387573
0.9259259104728699
0.8571428656578064
0.8461538553237915
0.9375
0.9259259104728699
0.7894737124443054
0.8823529481887817
0.9756097793579102
0.875
0.8636363744735718
0.875
0.7692307829856873
0.9428571462631226
0.8571428656578064
0.9230769276618958
0.800000011920929
0.7692307829856873
0.8888888955116272
0.8666666746139526
0.9200000166893005
0.9649122953414917
0.9642857313156128
0.949999988079071
0.9599999785423279
0.8260869383811951
0.953125
0.9591836929321289
0.9354838728904724
0.8888888955116272
0.8947368264198303
0.9024389982223511
0.8235294222831726
0.9354838728904724
0.9047619104385376
0.8666666746139526
0.9599999785423279
0.9512194991111755
0.9512194991111755
0.9655172228813171
0.9545454382896423
0.90625
0.949999988079071
0.75
0.9473684430122375
0.8888888955116272
0.9523809552192688
0.8666666746139526
0.875
0.8421052694320679
0.8333333134651184
0.949999988079071
0.8461538553237915
0.9259259104728699
0.9538461565971375
0.8888888955116272
0.9516128897666931
0.9642857313156128
0.9189189076423645
0.8974359035491943
0.9425287246704102
0.921875
0.9677419066429138
0.95652174949646
0.9384615421295166
0.9454545378684998
0.918367326259613
0.8888888955116272
0.8857142925262451
0.8999999761581421
0.8571428656578064
0.6666666865348816
0.9555555582046509
0.9090909361839294
0.9210526347160339
0.8799999952316284
0.9571428298950195
0.9508196711540222
0.949999988079071
0.9268292784690857
0.8913043737411499
0.9333333373069763
0.9830508232116699
0.8888888955116272
0.8666666746139526
0.9259259104728699
0.9696969985961914
0.9444444179534912
0.9090909361839294
0.9090909361839294
0.9032257795333862
0.9487179517745972
0.9375
0.925000011920929
0.8999999761581421
0.9399999976158142
0.9230769276618958
0.9452054500579834
0.9104477763175964
0.9658119678497314
0.9268292784690857
0.9682539701461792
0.9305555820465088
0.9776119589805603
0.9166666865348816
0.8571428656578064
0.8999999761581421
0.9056603908538818
0.9512194991111755
0.9210526347160339
0.914893627166748
0.953125
0.9629629850387573
0.9642857313156128
0.9444444179534912
0.9180327653884888
0.9444444179534912
0.9444444179534912
0.9354838728904724
0.96875
0.9130434989929199
0.9375
0.9230769276618958
0.95652174949646
0.9333333373069763
0.8947368264198303
0.9555555582046509
0.8888888955116272
0.9545454382896423
0.9512194991111755
0.9599999785423279
0.9591836929321289
0.9622641801834106
0.9130434989929199
0.8636363744735718
0.875
0.8947368264198303
0.9545454382896423
0.8823529481887817
0.9047619104385376
0.9117646813392639
0.9607843160629272
0.875
0.9756097793579102
0.9652777910232544
0.9684210419654846
0.9032257795333862
0.9047619104385376
0.8947368264198303
0.9354838728904724
0.949999988079071
0.9473684430122375
0.9130434989929199
0.8500000238418579
0.9512194991111755
0.9090909361839294
0.8695651888847351
0.9736841917037964
0.8571428656578064
0.9622641801834106
0.9259259104728699
0.9523809552192688
0.939393937587738
0.9545454382896423
0.9459459185600281
0.8928571343421936
0.9516128897666931
0.9620253443717957
0.9718309640884399
0.9756097793579102
0.96875
0.9770992398262024
0.9672130942344666
0.9607843160629272
0.9534883499145508
0.9607843160629272
0.9444444179534912
0.9523809552192688
0.8500000238418579
0.9506173133850098
0.8695651888847351
0.9649122953414917
0.9047619104385376
0.9375
0.8999999761581421
0.8571428656578064
0.9333333373069763
0.8666666746139526
0.9375
0.9523809552192688
0.8333333134651184
0.800000011920929
0.8846153616905212
0.9411764740943909
0.8999999761581421
0.9358974099159241
0.9285714030265808
0.8500000238418579
0.8529411554336548
0.9350649118423462
0.9215686321258545
0.942307710647583
0.8125
0.90625
0.9428571462631226
0.7894737124443054
0.8823529481887817
0.9538461565971375
0.9607843160629272
0.9512194991111755
0.8799999952316284
0.9636363387107849
0.9166666865348816
0.9318181872367859
0.9200000166893005
0.9285714030265808
0.9142857193946838
0.8695651888847351
0.8666666746139526
0.7647058963775635
0.9333333373069763
0.9375
0.9354838728904724
0.9259259104728699
0.949999988079071
0.9130434989929199
0.8571428656578064
0.914893627166748
0.9333333373069763
0.9180327653884888
0.9666666388511658
0.8799999952316284
0.9512194991111755
0.9230769276618958
0.9444444179534912
0.949999988079071
0.875
0.9166666865348816
0.9473684430122375
0.8571428656578064
0.8421052694320679
0.8666666746139526
0.9487179517745972
0.9375
0.9285714030265808
0.931034505367279
0.8823529481887817
0.9459459185600281
0.9428571462631226
0.8636363744735718
0.9166666865348816
0.8857142925262451
0.9354838728904724
0.9487179517745972
0.9318181872367859
0.9306930899620056
0.9117646813392639
0.9200000166893005
0.9629629850387573
0.9354838728904724
0.9245283007621765
0.9523809552192688
0.9047619104385376
0.8965517282485962
0.8666666746139526
0.8947368264198303
0.8999999761581421
0.7777777910232544
0.8999999761581421
0.8461538553237915
0.9090909361839294
0.7894737124443054
0.8999999761581421
0.7931034564971924
0.8461538553237915
0.9411764740943909
0.925000011920929
0.800000011920929
0.7142857313156128
0.8461538553237915
0.9272727370262146
0.9259259104728699
0.9428571462631226
0.7727272510528564
0.8709677457809448
0.8571428656578064
0.9189189076423645
0.9272727370262146
0.9402984976768494
0.8285714387893677
0.8181818127632141
0.8571428656578064
0.9238095283508301
0.8823529481887817
0.8333333134651184
0.7777777910232544
0.8636363744735718
0.9166666865348816
0.9583333134651184
0.8999999761581421
0.8709677457809448
0.8666666746139526
0.9069767594337463
0.8888888955116272
0.8787878751754761
0.8936170339584351
0.930232584476471
0.9038461446762085
0.8399999737739563
0.9411764740943909
0.8918918967247009
0.949999988079071
0.6818181872367859
0.8461538553237915
0.9684210419654846
0.8913043737411499
0.8333333134651184
0.8275862336158752
0.8461538553237915
0.8918918967247009
0.7200000286102295
0.9354838728904724
0.9130434989929199
0.7777777910232544
0.7647058963775635
0.9047619104385376
0.8987341523170471
0.9090909361839294
0.8484848737716675
0.8518518805503845
0.8787878751754761
0.8999999761581421
0.8947368264198303
0.9473684430122375
0.8823529481887817
0.8518518805503845
0.8125
0.9047619104385376
0.6896551847457886
0.9759036302566528
0.9538461565971375
0.9433962106704712
0.931034505367279
0.8478260636329651
0.7777777910232544
0.9523809552192688
0.9583333134651184
0.9354838728904724
0.8888888955116272
0.9166666865348816
0.9230769276618958
0.8974359035491943
0.7599999904632568
0.8125
0.9230769276618958
0.8500000238418579
0.9428571462631226
0.8571428656578064
0.90625
0.9508196711540222
0.9090909361839294
0.931034505367279
0.918367326259613
0.8333333134651184
0.8666666746139526
0.9523809552192688
0.8999999761581421
0.9130434989929199
0.931034505367279
0.9516128897666931
0.9677419066429138
0.9512194991111755
0.8823529481887817
0.9130434989929199
0.9230769276618958
0.7777777910232544
0.9024389982223511
0.9090909361839294
0.9142857193946838
0.9285714030265808
0.875
0.9552238583564758
0.9142857193946838
0.9696969985961914
0.800000011920929
0.8999999761581421
0.7692307829856873
0.9677419066429138
0.8787878751754761
0.9333333373069763
0.9512194991111755
0.9333333373069763
0.9512194991111755
0.8823529481887817
0.875
0.921875
0.8846153616905212
0.978723406791687
0.95652174949646
0.9838709831237793
0.9449541568756104
0.9324324131011963
0.9682539701461792
0.9264705777168274
0.8888888955116272
0.9259259104728699
0.9245283007621765
0.9285714030265808
0.9464285969734192
0.9390243887901306
0.8823529481887817
