0.65625
0.4545454680919647
0.40909090638160706
0.692307710647583
0.4166666567325592
0.4166666567325592
0.3636363744735718
0.3571428656578064
0.34375
0.37931033968925476
0.47999998927116394
0.4761904776096344
0.6000000238418579
0.3333333432674408
0.3499999940395355
0.42105263471603394
0.5
0.4444444477558136
0.3333333432674408
0.3888888955116272
0.47999998927116394
0.29411765933036804
0.4000000059604645
0.5714285969734192
0.4615384638309479
0.3888888955116272
0.375
0.44999998807907104
0.375
0.38461539149284363
0.39393940567970276
0.3333333432674408
0.6590909361839294
0.6153846383094788
0.375
0.6399999856948853
0.3333333432674408
0.6000000238418579
0.3913043439388275
0.5333333611488342
0.239130437374115
0.3888888955116272
0.4137931168079376
0.5454545617103577
0.6666666865348816
0.761904776096344
0.5882353186607361
0.3333333432674408
0.40909090638160706
0.25
0.4000000059604645
0.7941176295280457
0.4482758641242981
0.29032257199287415
0.550000011920929
0.523809552192688
0.22727273404598236
0.3255814015865326
0.625
0.6000000238418579
0.36000001430511475
0.46875
0.5882353186607361
0.5
0.43589743971824646
0.6000000238418579
0.3499999940395355
0.3571428656578064
0.43478259444236755
0.5833333134651184
0.4615384638309479
0.4761904776096344
0.4736842215061188
0.5522388219833374
0.5277777910232544
0.47826087474823
0.5161290168762207
0.4000000059604645
0.30000001192092896
0.4000000059604645
0.4761904776096344
0.6153846383094788
0.8333333134651184
0.37931033968925476
0.8461538553237915
0.4285714328289032
0.29411765933036804
0.22727273404598236
0.3478260934352875
0.5416666865348816
0.3888888955116272
0.3636363744735718
0.42424243688583374
0.5483871102333069
0.3333333432674408
0.7674418687820435
0.6000000238418579
0.25
0.36000001430511475
0.4444444477558136
0.48148149251937866
0.3888888955116272
0.4000000059604645
0.3461538553237915
0.375
0.3333333432674408
0.3684210479259491
0.4444444477558136
0.5
0.3636363744735718
0.6000000238418579
0.6666666865348816
0.6153846383094788
0.5762711763381958
0.71875
0.625
0.37037035822868347
0.6219512224197388
0.2916666567325592
0.5
0.4399999976158142
0.6612903475761414
0.35483869910240173
0.8717948794364929
0.3611111044883728
0.46987950801849365
0.7692307829856873
0.3333333432674408
0.4545454680919647
0.5666666626930237
0.5454545617103577
0.35483869910240173
0.5555555820465088
0.3125
0.4166666567325592
0.375
0.24242424964904785
0.4117647111415863
0.5714285969734192
0.5714285969734192
0.4285714328289032
0.529411792755127
0.36000001430511475
0.4444444477558136
0.6086956262588501
0.3333333432674408
0.5714285969734192
0.75
0.38461539149284363
0.4399999976158142
0.30000001192092896
0.29411765933036804
0.3913043439388275
0.6428571343421936
0.3636363744735718
0.375
0.30000001192092896
0.46666666865348816
0.5555555820465088
0.5
0.6470588445663452
0.40909090638160706
0.375
0.24444444477558136
0.6666666865348816
0.5384615659713745
0.5
0.4000000059604645
0.25
0.3181818127632141
0.5384615659713745
0.52173912525177
0.3589743673801422
0.5185185074806213
0.3484848439693451
0.25
0.21666666865348816
0.2888889014720917
0.3561643958091736
0.46666666865348816
0.1975308656692505
0.5666666626930237
0.42105263471603394
0.4390243887901306
0.5
0.23529411852359772
0.2750000059604645
0.28070175647735596
0.49367088079452515
0.260869562625885
0.2461538463830948
0.39024388790130615
0.36666667461395264
0.3333333432674408
0.39024388790130615
0.25806450843811035
0.28125
0.4375
0.4736842215061188
0.3181818127632141
0.59375
0.47058823704719543
0.5
0.3125
0.3529411852359772
0.5
0.4166666567325592
0.3333333432674408
0.375
0.550000011920929
0.39393940567970276
0.48275861144065857
0.2888889014720917
0.517241358757019
0.3571428656578064
0.3684210479259491
0.3636363744735718
0.29411765933036804
0.25
0.529411792755127
0.4166666567325592
0.3333333432674408
0.4736842215061188
0.3888888955116272
0.4444444477558136
0.4680851101875305
0.3777777850627899
0.6666666865348816
0.4000000059604645
0.5
0.3333333432674408
0.25
0.44999998807907104
0.4545454680919647
0.8666666746139526
0.6800000071525574
0.30000001192092896
0.38461539149284363
0.6800000071525574
0.6363636255264282
0.5
0.5454545617103577
0.36000001430511475
0.3478260934352875
0.3333333432674408
0.6764705777168274
0.3571428656578064
0.7857142686843872
0.6315789222717285
0.5789473652839661
0.5882353186607361
0.46666666865348816
0.4166666567325592
0.7631579041481018
0.4166666567325592
0.5384615659713745
0.59375
0.5
0.43478259444236755
0.4285714328289032
0.3333333432674408
0.5
0.6666666865348816
0.3125
0.4399999976158142
0.699999988079071
0.28947368264198303
0.42307692766189575
0.43478259444236755
0.4545454680919647
0.3636363744735718
0.42105263471603394
0.23529411852359772
0.5833333134651184
0.3529411852359772
0.3913043439388275
0.4736842215061188
0.3913043439388275
0.4761904776096344
0.4375
0.30434781312942505
0.3684210479259491
0.523809552192688
0.6393442749977112
0.5714285969734192
0.5
0.5185185074806213
0.7058823704719543
0.4375
0.5
0.23999999463558197
0.6111111044883728
0.6666666865348816
0.6428571343421936
0.6285714507102966
0.4202898442745209
0.41025641560554504
0.3928571343421936
0.3333333432674408
0.25
