0.625
0.8787878751754761
0.3181818127632141
0.4615384638309479
0.8333333134651184
0.4166666567325592
0.6818181872367859
0.4285714328289032
0.53125
0.6896551847457886
0.4399999976158142
0.380952388048172
0.5333333611488342
0.8333333134651184
0.550000011920929
0.6315789222717285
0.5
0.48148149251937866
0.4285714328289032
0.4444444477558136
0.7200000286102295
0.7058823704719543
0.5333333611488342
0.523809552192688
0.5384615659713745
0.5
0.4583333432674408
0.44999998807907104
0.375
0.5384615659713745
0.5151515007019043
0.3888888955116272
0.8409090638160706
0.4615384638309479
0.625
0.5199999809265137
0.3333333432674408
0.48571428656578064
0.739130437374115
0.7666666507720947
0.28260868787765503
0.3333333432674408
0.7931034564971924
0.7272727489471436
0.5555555820465088
0.4285714328289032
0.47058823704719543
0.5
0.27272728085517883
0.25
0.4000000059604645
0.9411764740943909
0.6896551847457886
0.4516128897666931
0.800000011920929
0.5714285969734192
0.3636363744735718
0.3488371968269348
1.0
0.6000000238418579
0.5199999809265137
0.8125
0.5882353186607361
0.550000011920929
0.43589743971824646
0.7333333492279053
0.4000000059604645
0.523809552192688
0.30434781312942505
0.625
0.6153846383094788
0.5714285969734192
0.5789473652839661
0.746268630027771
0.4166666567325592
0.3913043439388275
0.5161290168762207
0.4000000059604645
0.6000000238418579
0.4000000059604645
0.4285714328289032
0.5
0.6111111044883728
0.6206896305084229
0.8461538553237915
0.7142857313156128
0.47058823704719543
0.5681818127632141
0.3478260934352875
0.4166666567325592
0.4444444477558136
0.40909090638160706
0.3333333432674408
0.32258063554763794
0.5833333134651184
0.6511628031730652
0.5333333611488342
0.4749999940395355
0.47999998927116394
0.7777777910232544
0.6296296119689941
0.3333333432674408
0.4000000059604645
0.42307692766189575
0.875
0.692307710647583
0.3684210479259491
0.8333333134651184
0.3571428656578064
0.40909090638160706
0.6000000238418579
0.380952388048172
0.5
0.4237288236618042
0.46875
0.6666666865348816
0.40740740299224854
0.4878048896789551
0.4583333432674408
0.5
0.4399999976158142
0.8225806355476379
0.4516128897666931
0.8461538553237915
0.4166666567325592
0.6024096608161926
0.5769230723381042
0.4545454680919647
0.3636363744735718
0.6333333253860474
0.9090909361839294
0.5483871102333069
0.3888888955116272
0.96875
0.4166666567325592
0.46875
0.3333333432674408
0.5882353186607361
0.7857142686843872
0.5714285969734192
0.5714285969734192
0.529411792755127
0.4399999976158142
0.3888888955116272
0.52173912525177
0.4444444477558136
0.7142857313156128
0.375
0.38461539149284363
0.5600000023841858
0.30000001192092896
0.4117647111415863
0.695652186870575
0.4285714328289032
0.40909090638160706
0.625
0.3499999940395355
0.8666666746139526
0.6666666865348816
0.5
0.3529411852359772
0.40909090638160706
0.4375
0.35555556416511536
0.4166666567325592
0.5384615659713745
0.5454545617103577
0.550000011920929
0.75
0.5454545617103577
0.692307710647583
0.43478259444236755
0.3333333432674408
0.6296296119689941
0.3181818127632141
0.34375
0.5833333134651184
0.7555555701255798
0.4383561611175537
0.4333333373069763
0.3827160596847534
0.46666666865348816
0.3684210479259491
0.7804877758026123
0.6363636255264282
0.44117647409439087
0.75
0.35087719559669495
0.4556961953639984
0.37681159377098083
0.446153849363327
0.39024388790130615
0.36666667461395264
0.1794871836900711
0.39024388790130615
0.4516128897666931
0.4375
0.5
0.31578946113586426
0.7045454382896423
0.5
0.5882353186607361
0.738095223903656
0.375
0.3529411852359772
0.5625
0.5416666865348816
0.3333333432674408
0.5
0.949999988079071
0.3333333432674408
0.7241379022598267
0.3333333432674408
0.7931034564971924
0.75
0.6842105388641357
0.3636363744735718
0.2647058963775635
0.734375
0.529411792755127
0.3333333432674408
0.4000000059604645
0.42105263471603394
0.5
0.5
0.5319148898124695
0.3333333432674408
0.7333333492279053
0.6000000238418579
0.5263158082962036
0.6363636255264282
0.3125
0.4000000059604645
0.75
0.6000000238418579
0.5199999809265137
0.800000011920929
0.8461538553237915
0.7200000286102295
0.9696969985961914
0.7307692170143127
0.5454545617103577
0.8399999737739563
0.3913043439388275
0.3333333432674408
0.8823529481887817
0.7142857313156128
0.6428571343421936
0.6842105388641357
0.8421052694320679
0.5882353186607361
0.6666666865348816
0.6666666865348816
0.8157894611358643
0.4166666567325592
0.692307710647583
0.40625
0.5833333134651184
0.47826087474823
0.7428571581840515
0.625
0.5666666626930237
0.761904776096344
0.4375
0.7599999904632568
0.699999988079071
0.8157894611358643
0.5384615659713745
0.43478259444236755
0.8409090638160706
0.3636363744735718
0.7894737124443054
0.529411792755127
0.6666666865348816
0.529411792755127
0.8260869383811951
0.9473684430122375
0.3913043439388275
0.4761904776096344
0.75
0.9130434989929199
0.7368420958518982
0.4285714328289032
0.7868852615356445
0.8095238208770752
0.71875
0.5925925970077515
0.5588235259056091
0.53125
0.529411792755127
0.7599999904632568
0.7222222089767456
0.5333333611488342
0.4047619104385376
0.4000000059604645
0.7101449370384216
0.4871794879436493
0.4285714328289032
0.2222222238779068
0.75
