0.59375
0.9696969985961914
0.7272727489471436
0.9230769276618958
0.5
0.7916666865348816
0.4545454680919647
0.9285714030265808
0.84375
0.6551724076271057
0.6399999856948853
0.380952388048172
0.7333333492279053
0.5
0.4000000059604645
0.4736842215061188
0.4285714328289032
0.5925925970077515
0.6190476417541504
0.6111111044883728
0.7200000286102295
0.7058823704719543
0.46666666865348816
0.5714285969734192
0.9615384340286255
0.8333333134651184
0.9583333134651184
0.5
0.5625
0.8461538553237915
0.9696969985961914
0.6111111044883728
0.9090909361839294
0.8461538553237915
0.625
0.6800000071525574
0.6666666865348816
0.6000000238418579
0.739130437374115
0.4333333373069763
0.8478260636329651
0.3333333432674408
0.4137931168079376
0.5454545617103577
0.6111111044883728
0.6190476417541504
0.7058823704719543
0.5
0.6363636255264282
0.25
0.5333333611488342
0.9411764740943909
0.7586206793785095
0.6451612710952759
0.75
0.6666666865348816
0.8636363744735718
0.930232584476471
0.875
0.8666666746139526
0.800000011920929
0.75
0.529411792755127
1.0
0.7692307829856873
0.800000011920929
0.6499999761581421
0.738095223903656
0.47826087474823
0.6458333134651184
0.38461539149284363
0.761904776096344
0.6315789222717285
0.8656716346740723
0.5277777910232544
0.43478259444236755
0.9032257795333862
0.4000000059604645
0.44999998807907104
0.8666666746139526
0.4761904776096344
0.4615384638309479
0.6111111044883728
0.5517241358757019
0.6153846383094788
0.4761904776096344
0.7647058963775635
0.6363636255264282
0.47826087474823
0.5
0.3333333432674408
0.9545454382896423
0.42424243688583374
0.5161290168762207
0.5
0.6279069781303406
0.8666666746139526
0.824999988079071
0.6399999856948853
0.9444444179534912
0.8888888955116272
0.5555555820465088
0.75
0.5769230723381042
0.875
0.8461538553237915
0.8421052694320679
0.6666666865348816
0.5
0.4545454680919647
0.699999988079071
0.380952388048172
0.8461538553237915
0.8644067645072937
0.59375
0.9583333134651184
0.8888888955116272
0.6829268336296082
0.5833333134651184
0.875
0.9599999785423279
0.6290322542190552
0.5483871102333069
0.7948718070983887
0.6111111044883728
0.8072289228439331
0.8846153616905212
0.8484848737716675
0.9090909361839294
0.5333333611488342
1.0
0.9516128897666931
0.9444444179534912
0.78125
0.5833333134651184
0.75
0.42424243688583374
0.5882353186607361
0.6428571343421936
1.0
0.7857142686843872
0.8823529481887817
0.800000011920929
0.5
0.739130437374115
0.5555555820465088
0.7142857313156128
0.375
0.5384615659713745
0.8399999737739563
0.44999998807907104
0.529411792755127
0.8695651888847351
0.8571428656578064
1.0
0.5625
0.5
0.7333333492279053
0.5555555820465088
0.8999999761581421
0.8823529481887817
0.8636363744735718
0.625
0.42222222685813904
0.4166666567325592
0.6153846383094788
0.5909090638160706
0.6499999761581421
0.550000011920929
0.5454545617103577
0.8846153616905212
0.5652173757553101
0.7692307829856873
0.9629629850387573
0.43939393758773804
0.4375
0.38333332538604736
0.4444444477558136
0.6575342416763306
0.8666666746139526
0.8148148059844971
0.699999988079071
0.5263158082962036
0.7804877758026123
0.40909090638160706
0.6470588445663452
0.6000000238418579
0.5614035129547119
0.6962025165557861
0.5072463750839233
0.800000011920929
0.5121951103210449
0.6000000238418579
0.692307710647583
0.5609756112098694
0.4193548262119293
0.796875
0.5625
0.31578946113586426
0.5909090638160706
0.53125
0.5882353186607361
0.5
0.5625
0.6470588445663452
0.8125
0.9583333134651184
0.5
0.59375
0.6499999761581421
0.8787878751754761
0.6551724076271057
0.4888888895511627
0.8275862336158752
0.7857142686843872
0.8947368264198303
0.4545454680919647
0.5882353186607361
0.75
0.9411764740943909
0.9166666865348816
0.800000011920929
0.3684210479259491
0.6666666865348816
0.5
0.5319148898124695
0.6888889074325562
0.6666666865348816
0.800000011920929
0.9473684430122375
0.5454545617103577
0.375
0.6499999761581421
0.6590909361839294
0.800000011920929
0.9200000166893005
0.5
0.5769230723381042
0.5600000023841858
0.5151515007019043
0.8461538553237915
0.6818181872367859
0.7200000286102295
0.8695651888847351
0.46666666865348816
0.7352941036224365
0.9285714030265808
0.6428571343421936
0.4736842215061188
0.7894737124443054
0.5882353186607361
0.9333333373069763
0.4166666567325592
0.8421052694320679
0.6666666865348816
0.6153846383094788
0.5625
0.5416666865348816
0.695652186870575
0.7142857313156128
0.875
0.8999999761581421
0.9523809552192688
0.4375
0.47999998927116394
0.75
0.6052631735801697
1.0
0.5652173757553101
0.6136363744735718
0.4545454680919647
0.4736842215061188
0.47058823704719543
0.5833333134651184
0.7058823704719543
0.8695651888847351
1.0
0.8260869383811951
0.8571428656578064
0.5625
0.95652174949646
0.8947368264198303
0.738095223903656
0.868852436542511
0.9523809552192688
0.84375
0.6666666865348816
0.7647058963775635
0.90625
0.529411792755127
0.9200000166893005
0.7222222089767456
0.7666666507720947
0.8571428656578064
0.7142857313156128
0.8985507488250732
0.9487179517745972
0.6071428656578064
0.25
0.5
