0.8125
0.7878788113594055
0.7727272510528564
0.5384615659713745
0.75
0.5833333134651184
0.7727272510528564
0.8214285969734192
0.84375
0.6896551847457886
0.5600000023841858
0.523809552192688
1.0
0.699999988079071
0.800000011920929
0.9473684430122375
0.7857142686843872
0.6666666865348816
0.761904776096344
0.8888888955116272
0.7599999904632568
0.47058823704719543
0.6666666865348816
0.9523809552192688
0.9230769276618958
0.9444444179534912
0.6666666865348816
0.8500000238418579
0.6875
0.8461538553237915
0.8484848737716675
0.6111111044883728
0.75
0.5384615659713745
0.75
0.9200000166893005
0.8666666746139526
1.0
0.43478259444236755
0.8333333134651184
0.782608687877655
0.5555555820465088
0.6206896305084229
0.6363636255264282
0.6666666865348816
0.7142857313156128
0.8235294222831726
0.9444444179534912
0.8181818127632141
0.7916666865348816
0.5333333611488342
0.8235294222831726
0.6551724076271057
0.9032257795333862
0.8500000238418579
0.523809552192688
0.5
0.6976743936538696
0.875
0.7333333492279053
0.6800000071525574
0.8125
0.5882353186607361
0.800000011920929
0.7948718070983887
0.8666666746139526
0.550000011920929
0.8095238208770752
0.52173912525177
0.9375
0.7692307829856873
0.6190476417541504
0.6842105388641357
0.7611940503120422
0.6666666865348816
0.52173912525177
0.8709677457809448
0.46666666865348816
0.8500000238418579
0.8666666746139526
0.761904776096344
0.9230769276618958
0.8333333134651184
0.6206896305084229
0.7692307829856873
0.8571428656578064
0.47058823704719543
0.6363636255264282
0.95652174949646
0.5
0.7222222089767456
0.6363636255264282
0.4848484992980957
0.9032257795333862
1.0
0.9534883499145508
0.9333333373069763
0.699999988079071
0.6399999856948853
0.7222222089767456
0.6296296119689941
0.4444444477558136
0.8500000238418579
0.8846153616905212
0.5625
0.692307710647583
0.8421052694320679
0.8888888955116272
0.7142857313156128
0.7727272510528564
0.6000000238418579
0.4761904776096344
0.807692289352417
0.9491525292396545
0.625
0.9583333134651184
0.9259259104728699
0.9390243887901306
0.7083333134651184
0.9285714030265808
0.9599999785423279
0.774193525314331
0.9354838728904724
1.0
0.9166666865348816
0.7951807379722595
0.8846153616905212
0.8787878751754761
0.9090909361839294
0.5666666626930237
1.0
0.774193525314331
0.5555555820465088
0.84375
0.75
0.84375
0.8484848737716675
0.6470588445663452
0.8571428656578064
0.761904776096344
0.5
0.529411792755127
0.9200000166893005
0.6111111044883728
0.695652186870575
1.0
0.7857142686843872
0.75
0.38461539149284363
0.800000011920929
0.699999988079071
0.7058823704719543
0.804347813129425
0.6428571343421936
0.9545454382896423
0.625
0.5
0.9333333373069763
0.6666666865348816
0.8999999761581421
0.6470588445663452
0.7272727489471436
0.75
0.5555555820465088
0.75
0.692307710647583
1.0
0.699999988079071
0.8999999761581421
0.5909090638160706
0.9615384340286255
0.782608687877655
0.9743589758872986
0.8148148059844971
0.5
0.90625
0.8833333253860474
0.5555555820465088
0.767123281955719
0.8833333253860474
0.7530864477157593
0.7666666507720947
0.8947368264198303
0.8780487775802612
0.9545454382896423
0.9411764740943909
0.875
0.7719298005104065
0.6708860993385315
0.7536231875419617
0.892307698726654
0.7317073345184326
0.8666666746139526
0.8205128312110901
0.6341463327407837
0.7096773982048035
0.6875
0.5625
0.6842105388641357
0.9318181872367859
0.84375
0.6470588445663452
0.9523809552192688
0.8125
0.7058823704719543
0.625
0.75
0.8333333134651184
0.84375
0.699999988079071
0.6060606241226196
0.8620689511299133
0.46666666865348816
0.8620689511299133
0.6428571343421936
0.6842105388641357
0.9090909361839294
0.7352941036224365
0.640625
0.8235294222831726
1.0
0.5333333611488342
0.8947368264198303
0.6111111044883728
0.7777777910232544
0.8297872543334961
0.8222222328186035
0.9333333373069763
0.8333333134651184
0.9473684430122375
0.9090909361839294
0.6875
0.699999988079071
0.9318181872367859
0.9333333373069763
0.800000011920929
0.5
0.9615384340286255
0.9200000166893005
0.7878788113594055
0.9230769276618958
0.9545454382896423
0.8799999952316284
0.695652186870575
0.46666666865348816
0.8529411554336548
0.7857142686843872
0.8571428656578064
0.7894737124443054
0.6315789222717285
1.0
0.6666666865348816
0.75
0.9210526347160339
0.8333333134651184
0.692307710647583
0.78125
0.75
0.739130437374115
0.9714285731315613
0.8333333134651184
0.800000011920929
0.9047619104385376
0.75
0.800000011920929
0.8999999761581421
0.8947368264198303
0.9230769276618958
0.695652186870575
0.7045454382896423
0.7272727489471436
0.8947368264198303
0.8823529481887817
0.75
0.8235294222831726
0.739130437374115
1.0
0.739130437374115
0.6190476417541504
0.8125
1.0
0.7894737124443054
0.976190447807312
0.8196721076965332
0.9047619104385376
0.5625
0.6296296119689941
0.7941176295280457
0.625
0.7058823704719543
0.6399999856948853
0.8888888955116272
0.699999988079071
0.5714285969734192
0.8571428656578064
0.8550724387168884
0.6153846383094788
0.9285714030265808
0.5
0.4166666567325592
