0.84375
0.9696969985961914
0.6363636255264282
0.9230769276618958
1.0
0.9583333134651184
0.7727272510528564
0.8928571343421936
1.0
0.7241379022598267
0.9599999785423279
0.7142857313156128
0.9333333373069763
0.8999999761581421
0.699999988079071
0.8947368264198303
0.8571428656578064
0.8888888955116272
0.8571428656578064
0.7777777910232544
0.8399999737739563
0.5882353186607361
0.6666666865348816
0.6190476417541504
0.6538461446762085
0.8333333134651184
0.9166666865348816
0.75
0.75
0.8461538553237915
0.8787878751754761
0.6666666865348816
0.8409090638160706
1.0
0.625
0.8799999952316284
0.8666666746139526
0.9714285731315613
0.9130434989929199
0.7666666507720947
0.717391312122345
0.7777777910232544
0.6896551847457886
0.9090909361839294
0.7222222089767456
0.761904776096344
0.5882353186607361
0.6666666865348816
0.7272727489471436
0.9166666865348816
0.9333333373069763
0.7941176295280457
0.7931034564971924
0.8709677457809448
0.800000011920929
0.761904776096344
0.7272727489471436
0.9767441749572754
0.875
1.0
0.9200000166893005
0.8125
0.7058823704719543
1.0
0.8461538553237915
0.8666666746139526
0.6000000238418579
0.9285714030265808
0.5652173757553101
0.7916666865348816
0.7692307829856873
0.8571428656578064
0.7894737124443054
0.7014925479888916
0.8888888955116272
0.95652174949646
0.9677419066429138
0.6666666865348816
0.699999988079071
0.7333333492279053
0.9523809552192688
0.692307710647583
0.8888888955116272
0.7241379022598267
0.9230769276618958
0.7142857313156128
0.8235294222831726
0.5681818127632141
0.782608687877655
0.625
0.9444444179534912
0.8181818127632141
0.8484848737716675
0.6451612710952759
0.8333333134651184
0.8604651093482971
0.800000011920929
0.800000011920929
0.6800000071525574
0.9444444179534912
0.8148148059844971
0.7777777910232544
0.75
0.9230769276618958
0.75
0.8205128312110901
0.5263158082962036
1.0
0.7142857313156128
0.8181818127632141
0.800000011920929
0.6190476417541504
0.9230769276618958
0.8644067645072937
0.75
0.875
0.8518518805503845
0.9878048896789551
1.0
0.8392857313156128
0.8799999952316284
0.8225806355476379
0.8387096524238586
1.0
0.8888888955116272
0.9397590160369873
0.9615384340286255
0.8787878751754761
0.9090909361839294
0.699999988079071
0.9090909361839294
0.8548387289047241
0.7222222089767456
1.0
0.8333333134651184
0.96875
0.7575757503509521
1.0
0.6428571343421936
0.8571428656578064
0.9285714030265808
0.8823529481887817
1.0
0.7222222089767456
0.739130437374115
0.7777777910232544
0.8571428656578064
0.75
0.6153846383094788
0.9599999785423279
0.75
0.7647058963775635
0.9347826242446899
0.8571428656578064
0.9545454382896423
0.875
0.6499999761581421
0.9333333373069763
0.8888888955116272
0.8999999761581421
0.9411764740943909
0.7272727489471436
0.75
0.8666666746139526
0.5
1.0
0.8636363744735718
0.8999999761581421
0.699999988079071
0.9545454382896423
0.8846153616905212
0.739130437374115
0.7179487347602844
0.9259259104728699
0.7272727489471436
0.96875
0.7666666507720947
0.7777777910232544
0.7808219194412231
0.6666666865348816
0.8395061492919922
0.9666666388511658
0.6578947305679321
0.8292682766914368
0.8181818127632141
0.7941176295280457
0.8500000238418579
0.7719298005104065
0.8101266026496887
0.95652174949646
0.9384615421295166
0.7804877758026123
0.7666666507720947
0.7692307829856873
0.7560975551605225
0.7096773982048035
0.640625
0.5
0.7894737124443054
0.8863636255264282
0.75
0.7058823704719543
0.5476190447807312
0.875
0.9411764740943909
0.8125
1.0
0.75
0.78125
0.949999988079071
0.6969696879386902
0.8620689511299133
0.8444444537162781
0.8965517282485962
0.8571428656578064
0.5789473652839661
0.9090909361839294
0.7352941036224365
0.828125
0.7647058963775635
1.0
0.6666666865348816
0.7894737124443054
0.7222222089767456
0.8333333134651184
0.8297872543334961
0.8444444537162781
0.7333333492279053
0.9333333373069763
0.8421052694320679
0.8787878751754761
0.75
0.75
0.9090909361839294
0.8666666746139526
1.0
0.8999999761581421
0.9615384340286255
0.8799999952316284
1.0
0.9615384340286255
1.0
1.0
0.9130434989929199
0.7333333492279053
1.0
0.8571428656578064
0.8571428656578064
0.9473684430122375
0.8947368264198303
0.8235294222831726
0.9333333373069763
0.5833333134651184
0.9736841917037964
1.0
0.8461538553237915
0.96875
0.7083333134651184
0.782608687877655
0.9142857193946838
0.875
0.8666666746139526
0.9523809552192688
0.875
0.800000011920929
0.8999999761581421
0.8947368264198303
1.0
0.95652174949646
0.9772727489471436
1.0
0.6842105388641357
1.0
0.8333333134651184
0.9411764740943909
0.8260869383811951
1.0
0.5652173757553101
0.8095238208770752
0.875
1.0
0.7368420958518982
0.976190447807312
0.9180327653884888
1.0
0.71875
0.6296296119689941
0.9117646813392639
0.96875
0.8529411554336548
0.9599999785423279
0.9166666865348816
0.7666666507720947
0.7857142686843872
0.9142857193946838
0.9710144996643066
0.8717948794364929
0.9642857313156128
0.5
0.75
