1.0
1.0
0.7727272510528564
1.0
0.9166666865348816
1.0
0.7272727489471436
0.9642857313156128
0.875
0.9655172228813171
0.9200000166893005
0.7142857313156128
1.0
0.9666666388511658
0.8500000238418579
0.8947368264198303
1.0
0.8888888955116272
0.8571428656578064
1.0
0.9599999785423279
0.7058823704719543
0.7333333492279053
0.8095238208770752
0.9230769276618958
0.9444444179534912
0.9583333134651184
0.949999988079071
1.0
0.9230769276618958
0.9090909361839294
0.8333333134651184
1.0
0.8461538553237915
0.5625
0.8799999952316284
1.0
1.0
0.8260869383811951
0.8999999761581421
0.95652174949646
0.9444444179534912
0.8965517282485962
0.9090909361839294
0.7777777910232544
0.8571428656578064
0.8823529481887817
0.8888888955116272
0.7727272510528564
0.9166666865348816
0.8666666746139526
0.8529411554336548
1.0
0.8387096524238586
0.8999999761581421
0.8095238208770752
0.8181818127632141
0.9069767594337463
0.875
1.0
0.9200000166893005
0.96875
0.7058823704719543
1.0
0.9230769276618958
0.8666666746139526
0.800000011920929
0.9523809552192688
0.9130434989929199
0.9375
0.6153846383094788
0.9523809552192688
1.0
0.9552238583564758
0.9166666865348816
0.95652174949646
0.774193525314331
1.0
0.75
1.0
0.8095238208770752
0.9230769276618958
0.9444444179534912
0.931034505367279
0.9230769276618958
0.8571428656578064
0.8235294222831726
0.7954545617103577
0.8260869383811951
0.875
0.7777777910232544
1.0
0.6969696879386902
1.0
0.75
1.0
0.9333333373069763
0.8999999761581421
0.9599999785423279
1.0
0.9259259104728699
0.7777777910232544
0.8999999761581421
0.9230769276618958
0.8125
0.8461538553237915
0.7368420958518982
0.9444444179534912
0.9285714030265808
1.0
0.8999999761581421
0.761904776096344
0.9230769276618958
0.9830508232116699
1.0
1.0
0.9259259104728699
0.9878048896789551
0.9583333134651184
0.9642857313156128
0.8799999952316284
0.9838709831237793
1.0
1.0
0.9444444179534912
0.9397590160369873
1.0
0.939393937587738
0.9545454382896423
0.800000011920929
0.9545454382896423
0.9354838728904724
0.9444444179534912
0.96875
0.9166666865348816
0.96875
0.8484848737716675
0.7647058963775635
0.9285714030265808
1.0
0.8571428656578064
0.8235294222831726
1.0
0.9444444179534912
0.782608687877655
0.9444444179534912
0.8571428656578064
1.0
0.7692307829856873
0.8799999952316284
0.8500000238418579
0.8823529481887817
0.97826087474823
0.7857142686843872
0.9545454382896423
0.8125
0.6000000238418579
0.9333333373069763
1.0
1.0
0.8235294222831726
0.7727272510528564
0.875
0.9777777791023254
1.0
1.0
1.0
0.949999988079071
1.0
0.9090909361839294
0.9615384340286255
0.95652174949646
0.8974359035491943
1.0
0.8181818127632141
0.90625
0.8999999761581421
0.800000011920929
0.8767123222351074
0.9333333373069763
0.8024691343307495
1.0
0.8684210777282715
0.9024389982223511
0.8636363744735718
0.970588207244873
0.875
0.9824561476707458
0.949367105960846
0.95652174949646
0.9384615421295166
0.8780487775802612
1.0
0.8974359035491943
0.8536585569381714
0.9032257795333862
0.921875
0.6875
0.8947368264198303
0.8863636255264282
0.9375
0.7058823704719543
0.976190447807312
0.875
0.9411764740943909
0.8125
0.875
0.8055555820465088
1.0
0.8500000238418579
0.8787878751754761
1.0
0.9111111164093018
0.8965517282485962
0.9642857313156128
0.7894737124443054
0.8181818127632141
0.9117646813392639
0.875
0.9411764740943909
0.75
0.9333333373069763
1.0
0.6666666865348816
0.6111111044883728
0.8936170339584351
0.800000011920929
0.8666666746139526
0.9333333373069763
0.9210526347160339
0.9696969985961914
0.9375
0.8500000238418579
0.9772727489471436
0.9333333373069763
0.9599999785423279
0.8500000238418579
0.9615384340286255
0.8799999952316284
1.0
1.0
1.0
0.9200000166893005
0.9130434989929199
0.7333333492279053
1.0
0.7142857313156128
0.8571428656578064
0.7368420958518982
0.8947368264198303
0.9411764740943909
0.9333333373069763
0.8333333134651184
0.9210526347160339
1.0
1.0
0.875
0.75
1.0
0.9714285731315613
1.0
1.0
0.8095238208770752
0.9375
0.8399999737739563
0.949999988079071
0.9210526347160339
0.9615384340286255
0.9130434989929199
0.9772727489471436
1.0
0.8947368264198303
1.0
0.8333333134651184
0.7647058963775635
0.8260869383811951
1.0
0.9130434989929199
0.9047619104385376
0.8125
1.0
0.9473684430122375
0.8809523582458496
0.9672130942344666
1.0
0.75
0.9629629850387573
0.9411764740943909
0.90625
0.7941176295280457
1.0
0.9166666865348816
0.8999999761581421
1.0
0.8571428656578064
0.9855072498321533
0.8717948794364929
1.0
0.5833333134651184
0.6666666865348816
