1.0
1.0
0.9090909361839294
0.9230769276618958
1.0
1.0
1.0
0.9642857313156128
0.96875
1.0
0.9599999785423279
1.0
1.0
1.0
0.8500000238418579
1.0
1.0
0.8888888955116272
0.8571428656578064
1.0
1.0
0.8823529481887817
1.0
0.9047619104385376
1.0
0.9444444179534912
1.0
0.8500000238418579
1.0
0.8461538553237915
0.9696969985961914
0.9444444179534912
1.0
0.9230769276618958
1.0
0.8799999952316284
1.0
1.0
0.95652174949646
0.9666666388511658
0.97826087474823
0.8333333134651184
0.8620689511299133
0.9090909361839294
0.9444444179534912
1.0
0.8235294222831726
0.9444444179534912
0.8636363744735718
0.9583333134651184
0.9333333373069763
0.9411764740943909
1.0
0.9032257795333862
0.949999988079071
0.9523809552192688
1.0
0.930232584476471
1.0
1.0
0.9200000166893005
0.96875
1.0
0.949999988079071
0.9743589758872986
1.0
0.8999999761581421
0.9523809552192688
0.9130434989929199
1.0
0.9230769276618958
0.9047619104385376
0.8947368264198303
0.9850746393203735
0.9166666865348816
0.95652174949646
0.9677419066429138
0.8666666746139526
0.8500000238418579
0.9333333373069763
0.8571428656578064
0.9615384340286255
1.0
0.931034505367279
0.9230769276618958
1.0
0.9411764740943909
0.8181818127632141
1.0
1.0
0.7222222089767456
1.0
0.8181818127632141
0.9354838728904724
1.0
0.9767441749572754
1.0
0.8999999761581421
1.0
1.0
0.8888888955116272
0.8333333134651184
0.8999999761581421
0.9230769276618958
0.9375
0.9743589758872986
0.7368420958518982
1.0
0.7857142686843872
0.9545454382896423
0.6000000238418579
0.9047619104385376
0.8846153616905212
0.9491525292396545
1.0
0.9166666865348816
0.9259259104728699
0.9878048896789551
0.9583333134651184
0.9642857313156128
0.9599999785423279
0.9677419066429138
1.0
1.0
0.9444444179534912
0.9759036302566528
1.0
0.8787878751754761
0.9090909361839294
0.800000011920929
0.9545454382896423
0.9677419066429138
0.9444444179534912
1.0
1.0
1.0
0.939393937587738
1.0
1.0
1.0
0.8571428656578064
0.7647058963775635
1.0
1.0
0.8695651888847351
0.9444444179534912
0.9285714030265808
1.0
0.9230769276618958
1.0
0.8999999761581421
1.0
0.97826087474823
1.0
1.0
0.8125
0.800000011920929
0.9333333373069763
1.0
1.0
0.9411764740943909
0.9090909361839294
0.9375
0.9777777791023254
1.0
0.9230769276618958
1.0
0.8999999761581421
1.0
0.8636363744735718
0.9615384340286255
0.95652174949646
0.9743589758872986
1.0
0.939393937587738
0.9375
1.0
0.9777777791023254
0.9178082346916199
0.9833333492279053
0.9135802388191223
1.0
0.9210526347160339
0.9268292784690857
0.9545454382896423
1.0
0.925000011920929
1.0
0.9113923907279968
0.95652174949646
0.9692307710647583
0.9756097793579102
1.0
0.9487179517745972
0.9268292784690857
0.9032257795333862
0.9375
0.8125
1.0
0.8863636255264282
0.90625
1.0
0.9285714030265808
0.9375
1.0
0.8125
1.0
1.0
0.9375
0.949999988079071
0.939393937587738
1.0
0.9777777791023254
0.8965517282485962
1.0
0.9473684430122375
0.9090909361839294
0.7647058963775635
0.90625
1.0
0.9166666865348816
0.9333333373069763
1.0
0.8888888955116272
0.9444444179534912
0.978723406791687
0.9555555582046509
0.9333333373069763
0.9666666388511658
0.9210526347160339
1.0
0.9375
0.949999988079071
0.9772727489471436
0.9333333373069763
1.0
0.8500000238418579
0.9615384340286255
0.9599999785423279
1.0
1.0
0.9545454382896423
0.9599999785423279
0.9130434989929199
0.8666666746139526
1.0
1.0
0.9285714030265808
0.8421052694320679
0.9473684430122375
1.0
1.0
1.0
1.0
0.9166666865348816
1.0
1.0
0.8333333134651184
0.95652174949646
1.0
1.0
0.9666666388511658
1.0
0.875
0.8799999952316284
1.0
0.9210526347160339
1.0
0.8695651888847351
0.9545454382896423
1.0
0.8421052694320679
1.0
0.8333333134651184
0.9411764740943909
0.95652174949646
0.9473684430122375
0.95652174949646
1.0
0.9375
1.0
0.9473684430122375
1.0
0.9836065769195557
1.0
0.875
0.9259259104728699
0.9411764740943909
0.96875
0.9411764740943909
0.9599999785423279
0.9166666865348816
0.9333333373069763
0.9285714030265808
0.8571428656578064
0.9710144996643066
0.9487179517745972
1.0
0.75
0.75
