1.0
0.9696969985961914
0.8636363744735718
1.0
1.0
1.0
1.0
1.0
1.0
1.0
0.9599999785423279
0.9523809552192688
1.0
1.0
0.949999988079071
1.0
0.9285714030265808
0.9259259104728699
0.9523809552192688
1.0
1.0
0.9411764740943909
0.9333333373069763
1.0
1.0
1.0
1.0
0.949999988079071
1.0
0.9230769276618958
0.9696969985961914
0.8888888955116272
1.0
1.0
0.9375
0.9599999785423279
0.9333333373069763
1.0
0.95652174949646
0.9666666388511658
1.0
1.0
0.8965517282485962
1.0
0.8888888955116272
1.0
1.0
1.0
0.9545454382896423
0.9166666865348816
0.9333333373069763
1.0
1.0
0.9032257795333862
0.8999999761581421
1.0
1.0
0.9534883499145508
1.0
1.0
0.9200000166893005
0.96875
1.0
1.0
0.9743589758872986
1.0
0.949999988079071
0.976190447807312
0.95652174949646
1.0
0.9230769276618958
0.9523809552192688
1.0
0.9850746393203735
0.9722222089767456
0.95652174949646
1.0
1.0
0.949999988079071
1.0
1.0
1.0
1.0
0.8620689511299133
0.9230769276618958
0.9523809552192688
0.9411764740943909
0.8636363744735718
1.0
1.0
0.9444444179534912
1.0
1.0
1.0
1.0
1.0
1.0
0.9750000238418579
1.0
1.0
0.9629629850387573
1.0
0.8500000238418579
1.0
0.9375
0.9230769276618958
0.8947368264198303
1.0
0.9285714030265808
1.0
0.800000011920929
0.9523809552192688
0.9615384340286255
1.0
1.0
1.0
1.0
0.9878048896789551
1.0
0.9821428656578064
1.0
0.9677419066429138
1.0
1.0
1.0
0.9879518151283264
0.9615384340286255
0.9696969985961914
0.9545454382896423
0.8999999761581421
1.0
1.0
0.9444444179534912
1.0
0.9166666865348816
1.0
0.939393937587738
1.0
1.0
1.0
1.0
0.9411764740943909
1.0
0.9444444179534912
0.9130434989929199
0.9444444179534912
1.0
1.0
0.8461538553237915
1.0
0.9696969985961914
0.8636363744735718
1.0
1.0
1.0
1.0
1.0
0.96875
1.0
0.9200000166893005
1.0
1.0
1.0
0.8999999761581421
1.0
1.0
0.9259259104728699
0.9047619104385376
1.0
0.9599999785423279
0.9411764740943909
1.0
1.0
1.0
0.9444444179534912
1.0
1.0
1.0
1.0
1.0
1.0
1.0
1.0
1.0
0.9599999785423279
1.0
1.0
0.95652174949646
0.9666666388511658
1.0
1.0
0.8965517282485962
1.0
0.8888888955116272
1.0
0.9411764740943909
1.0
1.0
0.875
0.9333333373069763
1.0
1.0
0.9032257795333862
0.8999999761581421
1.0
1.0
0.9767441749572754
1.0
1.0
0.9599999785423279
0.9375
0.9411764740943909
1.0
0.9743589758872986
1.0
0.949999988079071
0.976190447807312
0.9130434989929199
1.0
0.9230769276618958
0.9047619104385376
1.0
1.0
1.0
0.95652174949646
1.0
1.0
0.8999999761581421
1.0
0.9523809552192688
1.0
1.0
0.8965517282485962
0.9230769276618958
0.9523809552192688
0.9411764740943909
0.9090909361839294
1.0
1.0
1.0
1.0
0.939393937587738
1.0
1.0
1.0
1.0
0.949999988079071
1.0
1.0
0.9629629850387573
0.9444444179534912
0.8500000238418579
0.9615384340286255
0.9375
0.9743589758872986
0.8421052694320679
0.9444444179534912
0.9285714030265808
1.0
0.8999999761581421
1.0
0.9230769276618958
0.9661017060279846
1.0
1.0
0.9629629850387573
0.9878048896789551
1.0
0.9642857313156128
0.9599999785423279
0.9838709831237793
1.0
1.0
1.0
0.9879518151283264
0.9615384340286255
1.0
1.0
0.8999999761581421
0.9545454382896423
1.0
1.0
1.0
1.0
1.0
0.9696969985961914
1.0
1.0
1.0
1.0
0.8823529481887817
1.0
0.9444444179534912
0.9130434989929199
0.8888888955116272
1.0
1.0
0.8461538553237915
1.0
0.949999988079071
