1.0
1.0
1.0
1.0
1.0
1.0
1.0
1.0
1.0
1.0
1.0
1.0
1.0
1.0
1.0
1.0
1.0
0.9629629850387573
0.9523809552192688
1.0
1.0
1.0
1.0
1.0
1.0
0.9444444179534912
1.0
0.949999988079071
1.0
0.9230769276618958
1.0
1.0
1.0
1.0
1.0
1.0
1.0
1.0
0.95652174949646
1.0
1.0
1.0
0.8965517282485962
1.0
0.9444444179534912
1.0
0.9411764740943909
1.0
1.0
0.9166666865348816
0.9333333373069763
1.0
1.0
0.9677419066429138
0.949999988079071
1.0
1.0
0.9767441749572754
1.0
1.0
0.9599999785423279
1.0
1.0
1.0
0.9743589758872986
1.0
0.949999988079071
1.0
0.95652174949646
1.0
0.9230769276618958
1.0
1.0
1.0
1.0
0.95652174949646
1.0
1.0
0.949999988079071
1.0
0.9523809552192688
1.0
1.0
0.8965517282485962
1.0
1.0
1.0
0.9545454382896423
1.0
1.0
1.0
1.0
1.0
1.0
1.0
1.0
1.0
0.9750000238418579
1.0
1.0
0.9629629850387573
1.0
0.8999999761581421
0.9615384340286255
0.9375
0.9743589758872986
0.9473684430122375
1.0
1.0
1.0
0.8999999761581421
1.0
0.9615384340286255
1.0
1.0
1.0
1.0
0.9878048896789551
1.0
1.0
1.0
0.9838709831237793
0.9677419066429138
1.0
1.0
1.0
0.9615384340286255
1.0
0.9545454382896423
0.9333333373069763
1.0
1.0
0.9444444179534912
1.0
1.0
1.0
0.9696969985961914
1.0
1.0
1.0
1.0
0.9411764740943909
1.0
1.0
1.0
1.0
1.0
1.0
1.0
1.0
1.0
0.96875
1.0
1.0
1.0
1.0
1.0
1.0
1.0
1.0
0.9629629850387573
0.9047619104385376
1.0
1.0
1.0
1.0
1.0
1.0
0.9444444179534912
1.0
1.0
1.0
0.9230769276618958
1.0
1.0
1.0
1.0
1.0
1.0
1.0
1.0
1.0
1.0
1.0
1.0
0.8965517282485962
1.0
0.9444444179534912
1.0
0.9411764740943909
1.0
1.0
0.875
0.9333333373069763
1.0
1.0
1.0
1.0
1.0
1.0
0.9767441749572754
1.0
1.0
1.0
0.96875
0.9411764740943909
1.0
0.9743589758872986
1.0
1.0
1.0
0.9130434989929199
1.0
0.9230769276618958
1.0
1.0
1.0
1.0
0.95652174949646
1.0
1.0
0.949999988079071
1.0
0.9523809552192688
1.0
1.0
0.931034505367279
0.9230769276618958
1.0
1.0
0.9545454382896423
1.0
1.0
1.0
1.0
1.0
1.0
1.0
1.0
1.0
1.0
1.0
1.0
0.9629629850387573
1.0
0.8999999761581421
1.0
0.9375
0.9743589758872986
1.0
1.0
0.9285714030265808
1.0
1.0
1.0
1.0
1.0
1.0
1.0
1.0
0.9878048896789551
1.0
0.9821428656578064
1.0
0.9838709831237793
1.0
1.0
1.0
1.0
0.9615384340286255
0.9696969985961914
0.9545454382896423
0.9333333373069763
0.9545454382896423
1.0
1.0
1.0
1.0
1.0
0.939393937587738
1.0
1.0
1.0
1.0
0.9411764740943909
1.0
1.0
0.95652174949646
0.9444444179534912
1.0
1.0
0.9230769276618958
1.0
1.0
1.0
1.0
1.0
1.0
0.9375
0.8999999761581421
