1.0
0.9696969985961914
1.0
1.0
1.0
1.0
1.0
1.0
0.96875
1.0
0.9599999785423279
1.0
1.0
1.0
0.8999999761581421
1.0
1.0
0.9629629850387573
0.8571428656578064
1.0
1.0
0.9411764740943909
1.0
1.0
1.0
1.0
1.0
0.8999999761581421
1.0
1.0
0.9696969985961914
0.9444444179534912
1.0
1.0
1.0
0.9599999785423279
1.0
1.0
0.95652174949646
0.9666666388511658
0.97826087474823
1.0
0.8965517282485962
1.0
0.9444444179534912
1.0
0.9411764740943909
1.0
1.0
0.875
0.9333333373069763
1.0
1.0
1.0
1.0
1.0
1.0
1.0
1.0
1.0
0.9599999785423279
0.96875
1.0
1.0
0.9743589758872986
1.0
0.949999988079071
0.976190447807312
0.9130434989929199
1.0
0.8461538553237915
0.9047619104385376
1.0
1.0
0.9444444179534912
0.95652174949646
1.0
1.0
0.8999999761581421
1.0
1.0
0.9230769276618958
1.0
0.8965517282485962
0.9230769276618958
0.9523809552192688
0.9411764740943909
0.9090909361839294
1.0
0.9583333134651184
1.0
1.0
0.9696969985961914
1.0
1.0
1.0
1.0
0.949999988079071
1.0
1.0
0.9629629850387573
0.9444444179534912
0.8999999761581421
0.9615384340286255
0.9375
0.9230769276618958
0.8947368264198303
1.0
0.9285714030265808
1.0
0.8999999761581421
1.0
0.9615384340286255
0.9830508232116699
0.96875
1.0
0.9259259104728699
1.0
1.0
0.9642857313156128
0.9599999785423279
1.0
1.0
1.0
1.0
0.9879518151283264
0.9615384340286255
0.9696969985961914
1.0
0.9333333373069763
0.9545454382896423
1.0
1.0
1.0
1.0
1.0
0.9696969985961914
1.0
1.0
1.0
1.0
0.8823529481887817
1.0
1.0
0.95652174949646
0.9444444179534912
1.0
1.0
0.9230769276618958
1.0
0.949999988079071
1.0
1.0
1.0
1.0
0.9375
0.800000011920929
1.0
1.0
1.0
1.0
0.9545454382896423
0.9375
0.9777777791023254
1.0
1.0
1.0
0.949999988079071
1.0
1.0
1.0
0.95652174949646
1.0
1.0
1.0
0.96875
0.9833333492279053
1.0
0.9863013625144958
1.0
0.9753086566925049
0.9666666388511658
1.0
1.0
0.9545454382896423
1.0
1.0
1.0
0.9746835231781006
1.0
0.9538461565971375
1.0
1.0
0.9743589758872986
0.9512194991111755
0.9677419066429138
0.953125
0.9375
1.0
0.9318181872367859
0.9375
1.0
1.0
1.0
1.0
0.9375
1.0
0.9722222089767456
1.0
1.0
0.9090909361839294
1.0
0.9777777791023254
0.931034505367279
1.0
0.9473684430122375
1.0
0.9411764740943909
1.0
1.0
0.9166666865348816
0.9333333373069763
1.0
0.8888888955116272
0.9444444179534912
1.0
0.9555555582046509
1.0
0.9666666388511658
0.9473684430122375
1.0
0.9375
1.0
0.9772727489471436
0.9333333373069763
1.0
0.800000011920929
1.0
0.8399999737739563
0.939393937587738
1.0
1.0
1.0
0.95652174949646
0.8666666746139526
1.0
1.0
1.0
0.8947368264198303
0.9473684430122375
1.0
1.0
1.0
0.9736841917037964
1.0
1.0
1.0
1.0
0.95652174949646
1.0
1.0
1.0
1.0
0.875
0.9200000166893005
1.0
0.9473684430122375
1.0
1.0
1.0
1.0
0.8947368264198303
1.0
0.8333333134651184
0.8823529481887817
1.0
0.9473684430122375
0.95652174949646
0.9523809552192688
1.0
1.0
1.0
1.0
0.9836065769195557
1.0
0.96875
0.9629629850387573
0.9411764740943909
0.96875
0.9411764740943909
1.0
0.9722222089767456
0.8666666746139526
1.0
0.9142857193946838
0.9855072498321533
1.0
0.9642857313156128
0.8333333134651184
0.8333333134651184
0.9344262480735779
0.7692307829856873
0.9375
1.0
1.0
1.0
0.9591836929321289
1.0
0.9166666865348816
0.9696969985961914
0.9333333373069763
0.875
1.0
0.9074074029922485
1.0
1.0
1.0
0.9523809552192688
0.8666666746139526
0.9230769276618958
0.9473684430122375
0.9444444179534912
0.9655172228813171
0.9411764740943909
1.0
1.0
0.9523809552192688
0.9583333134651184
0.9444444179534912
1.0
1.0
1.0
0.9411764740943909
1.0
1.0
1.0
0.9399999976158142
1.0
1.0
0.9444444179534912
1.0
1.0
0.9166666865348816
0.9615384340286255
0.9142857193946838
0.9375
0.9375
0.9399999976158142
1.0
0.976190447807312
0.9180327653884888
1.0
0.9210526347160339
1.0
1.0
0.9285714030265808
0.9642857313156128
0.9090909361839294
1.0
1.0
1.0
1.0
1.0
1.0
1.0
0.9230769276618958
1.0
0.9285714030265808
1.0
1.0
0.800000011920929
1.0
1.0
0.9444444179534912
0.9090909361839294
0.9666666388511658
0.8333333134651184
0.9285714030265808
1.0
1.0
1.0
0.8461538553237915
0.95652174949646
0.9090909361839294
0.9090909361839294
1.0
0.9090909361839294
0.9399999976158142
0.9444444179534912
0.949999988079071
1.0
0.9354838728904724
1.0
0.9464285969734192
1.0
0.8936170339584351
1.0
1.0
0.8636363744735718
0.8421052694320679
0.75
0.8421052694320679
1.0
0.9615384340286255
0.9814814925193787
0.9756097793579102
1.0
0.8636363744735718
0.9230769276618958
1.0
0.9333333373069763
0.9318181872367859
0.9583333134651184
0.8999999761581421
0.9375
0.9615384340286255
0.824999988079071
0.8999999761581421
0.7857142686843872
1.0
0.9230769276618958
0.976190447807312
0.9583333134651184
1.0
1.0
0.9387755393981934
1.0
0.9729729890823364
0.9655172228813171
0.9090909361839294
0.9629629850387573
0.9599999785423279
0.9166666865348816
1.0
1.0
0.8888888955116272
0.9545454382896423
0.9444444179534912
1.0
1.0
0.9473684430122375
0.9545454382896423
0.7272727489471436
0.8974359035491943
0.875
0.9583333134651184
0.9795918464660645
0.9599999785423279
1.0
0.9677419066429138
1.0
0.9285714030265808
0.6111111044883728
1.0
1.0
1.0
0.8399999737739563
0.9230769276618958
1.0
0.9387755393981934
1.0
0.7777777910232544
1.0
1.0
0.9838709831237793
1.0
0.875
0.9558823704719543
0.9583333134651184
1.0
0.8461538553237915
0.8666666746139526
0.9375
0.6875
1.0
0.8181818127632141
1.0
1.0
0.9210526347160339
0.9555555582046509
1.0
0.9285714030265808
0.8387096524238586
0.9130434989929199
0.9230769276618958
0.8695651888847351
1.0
0.9411764740943909
0.8734177350997925
1.0
1.0
0.9090909361839294
1.0
0.9354838728904724
0.9375
0.9032257795333862
0.9722222089767456
0.96875
1.0
0.9090909361839294
