1.0
0.9696969985961914
0.7727272510528564
1.0
1.0
1.0
1.0
1.0
0.96875
1.0
0.9599999785423279
0.9523809552192688
1.0
1.0
0.949999988079071
1.0
1.0
0.8888888955116272
0.9047619104385376
1.0
0.9200000166893005
0.8823529481887817
1.0
1.0
0.9615384340286255
0.9444444179534912
1.0
0.8500000238418579
0.9375
0.9230769276618958
0.939393937587738
0.8888888955116272
1.0
0.9230769276618958
1.0
0.9599999785423279
1.0
1.0
0.95652174949646
0.9666666388511658
1.0
1.0
0.8965517282485962
0.9090909361839294
0.8888888955116272
1.0
0.9411764740943909
1.0
1.0
0.9583333134651184
0.9333333373069763
1.0
1.0
0.9677419066429138
0.8500000238418579
1.0
1.0
0.9767441749572754
1.0
1.0
0.9599999785423279
0.9375
0.9411764740943909
1.0
0.9743589758872986
1.0
0.8999999761581421
0.976190447807312
0.95652174949646
1.0
0.9230769276618958
0.9523809552192688
1.0
0.9701492786407471
0.9722222089767456
0.95652174949646
0.9677419066429138
1.0
0.800000011920929
0.9333333373069763
0.9047619104385376
1.0
1.0
0.8620689511299133
0.9230769276618958
1.0
0.8235294222831726
0.9318181872367859
1.0
1.0
0.7222222089767456
1.0
0.9696969985961914
