0.71875
0.6363636255264282
0.22727273404598236
0.38461539149284363
0.5
0.625
0.40909090638160706
0.4285714328289032
0.78125
0.3448275923728943
0.800000011920929
0.523809552192688
0.5333333611488342
0.4000000059604645
0.30000001192092896
0.5263158082962036
0.5
0.5185185074806213
0.4285714328289032
0.8333333134651184
0.7200000286102295
0.3529411852359772
0.46666666865348816
0.9047619104385376
0.6153846383094788
0.8888888955116272
0.5833333134651184
0.4000000059604645
0.3125
0.7692307829856873
0.6969696879386902
0.5555555820465088
0.8636363744735718
0.6153846383094788
0.4375
0.5199999809265137
0.3333333432674408
0.48571428656578064
0.43478259444236755
0.4333333373069763
0.32608696818351746
0.6666666865348816
0.5862069129943848
0.5454545617103577
0.5555555820465088
0.4285714328289032
0.7058823704719543
0.5
0.7272727489471436
0.4583333432674408
0.4000000059604645
0.6764705777168274
0.6896551847457886
0.8387096524238586
0.800000011920929
0.380952388048172
0.3181818127632141
0.4651162922382355
1.0
0.800000011920929
0.5600000023841858
0.8125
0.5882353186607361
0.699999988079071
0.8974359035491943
0.4000000059604645
0.6499999761581421
0.4047619104385376
0.260869562625885
0.8125
0.38461539149284363
0.5714285969734192
0.6842105388641357
0.746268630027771
0.4722222089767456
0.8695651888847351
0.7096773982048035
0.4000000059604645
0.25
0.7333333492279053
0.4285714328289032
0.5
0.7222222089767456
0.6206896305084229
0.6153846383094788
0.8095238208770752
0.47058823704719543
0.2954545319080353
0.3478260934352875
0.5833333134651184
0.7222222089767456
0.8636363744735718
0.42424243688583374
0.4193548262119293
0.5833333134651184
0.4883720874786377
0.5333333611488342
0.625
0.6000000238418579
0.7777777910232544
0.6296296119689941
0.4444444477558136
0.75
0.5
0.375
0.692307710647583
0.42105263471603394
0.4444444477558136
0.3571428656578064
0.40909090638160706
0.6000000238418579
0.3333333432674408
0.8846153616905212
0.4237288236618042
0.5625
0.7916666865348816
0.4444444477558136
0.4878048896789551
0.4583333432674408
0.4285714328289032
0.4399999976158142
0.4193548262119293
0.8387096524238586
0.6410256624221802
0.4166666567325592
0.46987950801849365
0.5384615659713745
0.39393940567970276
0.3636363744735718
0.5333333611488342
0.9545454382896423
0.5483871102333069
0.3888888955116272
0.78125
0.5833333134651184
0.96875
0.4545454680919647
0.47058823704719543
0.6428571343421936
0.523809552192688
0.3571428656578064
0.5882353186607361
0.47999998927116394
0.5
0.3913043439388275
0.5
0.7142857313156128
0.875
0.6153846383094788
0.6800000071525574
0.30000001192092896
0.7647058963775635
0.695652186870575
0.7857142686843872
0.9545454382896423
0.75
0.5
0.6000000238418579
0.5555555820465088
0.699999988079071
0.3529411852359772
0.40909090638160706
0.5625
0.8222222328186035
0.4166666567325592
0.4615384638309479
0.6363636255264282
0.44999998807907104
0.949999988079071
0.27272728085517883
0.8461538553237915
0.5652173757553101
0.692307710647583
0.5555555820465088
0.6666666865348816
0.40625
0.5833333134651184
0.3333333432674408
0.465753436088562
0.4333333373069763
0.7283950448036194
0.6333333253860474
0.42105263471603394
0.46341463923454285
0.6363636255264282
0.4117647111415863
0.75
0.42105263471603394
0.37974682450294495
0.3913043439388275
0.4923076927661896
0.46341463923454285
0.30000001192092896
0.5641025900840759
0.46341463923454285
0.6129032373428345
0.703125
0.5
0.3684210479259491
0.4318181872367859
0.40625
0.4117647111415863
0.3571428656578064
0.625
0.6470588445663452
0.5
0.5416666865348816
0.3888888955116272
0.53125
0.44999998807907104
0.3333333432674408
0.7931034564971924
0.42222222685813904
0.4137931168079376
0.75
0.4736842215061188
0.6363636255264282
0.3529411852359772
0.59375
0.4117647111415863
0.3333333432674408
0.4000000059604645
0.5263158082962036
0.3888888955116272
0.6111111044883728
0.5744680762290955
0.5777778029441833
0.7333333492279053
0.5333333611488342
0.5789473652839661
0.8181818127632141
0.375
0.550000011920929
0.5909090638160706
0.3333333432674408
0.6399999856948853
0.44999998807907104
0.5
0.8399999737739563
0.5151515007019043
0.6153846383094788
0.5454545617103577
0.6000000238418579
0.3913043439388275
0.4000000059604645
0.529411792755127
0.7142857313156128
0.6428571343421936
0.42105263471603394
0.5789473652839661
0.5882353186607361
0.5333333611488342
0.5833333134651184
0.6578947305679321
0.6666666865348816
0.692307710647583
0.625
0.6666666865348816
0.52173912525177
0.5714285969734192
0.4583333432674408
0.7666666507720947
0.8571428656578064
0.25
0.7599999904632568
0.4000000059604645
0.8157894611358643
0.6153846383094788
0.43478259444236755
0.5909090638160706
0.4545454680919647
0.42105263471603394
0.8823529481887817
0.5
0.529411792755127
0.43478259444236755
0.9473684430122375
0.47826087474823
0.6666666865348816
0.4375
0.52173912525177
0.42105263471603394
0.6190476417541504
0.9508196711540222
0.9523809552192688
0.375
0.48148149251937866
0.8529411554336548
0.53125
0.47058823704719543
0.800000011920929
0.6944444179534912
0.5333333611488342
0.8095238208770752
0.48571428656578064
0.4202898442745209
0.5897436141967773
0.5
0.2777777910232544
0.25
0.5573770403862
0.692307710647583
0.375
0.837837815284729
0.47826087474823
0.48148149251937866
0.8571428656578064
0.4285714328289032
0.5833333134651184
0.39393940567970276
0.5333333611488342
0.4166666567325592
0.4545454680919647
0.5740740895271301
0.40909090638160706
0.7333333492279053
0.7083333134651184
0.9047619104385376
0.6666666865348816
0.38461539149284363
0.6315789222717285
0.3888888955116272
0.7931034564971924
0.47058823704719543
0.6785714030265808
0.4482758641242981
0.4761904776096344
0.375
0.4444444477558136
0.625
0.4545454680919647
0.6774193644523621
0.47058823704719543
0.800000011920929
0.5454545617103577
0.6142857074737549
0.4399999976158142
0.4117647111415863
0.8947368264198303
0.7222222089767456
0.4615384638309479
0.48148149251937866
0.2916666567325592
0.3461538553237915
0.7428571581840515
0.65625
0.4375
0.4000000059604645
0.4444444477558136
0.6666666865348816
0.5409836173057556
0.3571428656578064
0.7105262875556946
0.6800000071525574
0.8518518805503845
0.8214285969734192
0.5357142686843872
0.5454545617103577
0.3636363744735718
0.7333333492279053
0.4285714328289032
0.6363636255264282
0.8055555820465088
0.6363636255264282
0.6785714030265808
0.3076923191547394
0.3499999940395355
0.9285714030265808
0.5517241358757019
0.48275861144065857
0.5333333611488342
0.6388888955116272
0.6086956262588501
0.7222222089767456
0.5
0.5
0.6666666865348816
0.7142857313156128
0.8666666746139526
0.8666666746139526
0.3636363744735718
0.6153846383094788
0.6521739363670349
0.5
0.5909090638160706
0.3541666567325592
0.3636363744735718
0.30000001192092896
0.2777777910232544
0.30000001192092896
0.29411765933036804
0.6451612710952759
0.3333333432674408
0.3571428656578064
0.4722222089767456
0.4893617033958435
0.37037035822868347
0.6363636255264282
0.3636363744735718
0.31578946113586426
0.3333333432674408
0.4736842215061188
0.25
0.26923078298568726
0.5
0.4390243887901306
0.5454545617103577
0.5454545617103577
0.32692307233810425
0.5
0.5333333611488342
0.5
0.375
0.3499999940395355
0.5625
0.5
0.4749999940395355
0.6000000238418579
0.3571428656578064
0.6111111044883728
0.4615384638309479
0.4523809552192688
0.3333333432674408
0.5
0.4736842215061188
0.4693877696990967
0.6428571343421936
0.2432432472705841
0.6896551847457886
0.5454545617103577
0.48148149251937866
0.6000000238418579
0.625
0.7272727489471436
0.3529411852359772
0.6111111044883728
0.4318181872367859
0.5740740895271301
0.3913043439388275
0.3076923191547394
0.3684210479259491
0.3181818127632141
0.4545454680919647
0.3589743673801422
0.65625
0.6666666865348816
0.6326530575752258
0.4000000059604645
0.375
0.4516128897666931
0.3636363744735718
0.3571428656578064
0.3888888955116272
0.5
0.7058823704719543
0.5652173757553101
0.47999998927116394
0.3076923191547394
0.5
0.4285714328289032
0.6428571343421936
0.6666666865348816
0.30000001192092896
0.4285714328289032
0.29032257199287415
0.5
0.5
0.4117647111415863
0.3333333432674408
0.7272727489471436
0.3333333432674408
0.6000000238418579
0.375
0.4375
0.5333333611488342
0.6363636255264282
0.5454545617103577
0.8333333134651184
0.2631579041481018
0.6666666865348816
0.3888888955116272
0.5
0.3870967626571655
0.3913043439388275
0.5384615659713745
0.5652173757553101
0.38297873735427856
0.5
0.6835442781448364
0.5
0.6206896305084229
0.5757575631141663
0.29032257199287415
0.25806450843811035
0.4375
0.35483869910240173
0.4166666567325592
0.4375
0.3055555522441864
0.39393940567970276
