0.71875
0.8484848737716675
0.4545454680919647
0.7692307829856873
1.0
0.9583333134651184
0.8181818127632141
0.6785714030265808
0.5
0.48275861144065857
0.47999998927116394
0.7142857313156128
0.800000011920929
0.8666666746139526
0.3499999940395355
0.4736842215061188
0.4285714328289032
0.6296296119689941
0.523809552192688
0.5
0.8799999952316284
0.7058823704719543
0.46666666865348816
0.8095238208770752
0.9615384340286255
0.6666666865348816
0.6666666865348816
0.8500000238418579
0.8125
1.0
0.939393937587738
0.5
0.9090909361839294
0.7692307829856873
0.8125
0.6000000238418579
0.2666666805744171
0.8571428656578064
0.3913043439388275
0.699999988079071
0.8478260636329651
0.7222222089767456
0.5862069129943848
0.7272727489471436
0.8333333134651184
0.8571428656578064
0.8235294222831726
1.0
0.8181818127632141
0.1666666716337204
0.5333333611488342
0.5882353186607361
0.6896551847457886
0.8709677457809448
0.699999988079071
0.4761904776096344
0.8636363744735718
0.6279069781303406
0.875
0.8666666746139526
0.8799999952316284
0.96875
0.5882353186607361
0.949999988079071
0.7435897588729858
0.9333333373069763
0.6499999761581421
0.4761904776096344
0.3478260934352875
0.4791666567325592
0.4615384638309479
0.380952388048172
0.5263158082962036
0.6567164063453674
0.4166666567325592
0.8260869383811951
0.9032257795333862
0.800000011920929
0.699999988079071
0.8666666746139526
0.6666666865348816
0.5769230723381042
0.9444444179534912
0.6206896305084229
0.8461538553237915
0.7142857313156128
0.3529411852359772
0.6363636255264282
0.95652174949646
0.5833333134651184
0.5
0.40909090638160706
0.7272727489471436
0.5483871102333069
0.5
0.9534883499145508
0.5333333611488342
0.375
0.7200000286102295
0.7777777910232544
0.6666666865348816
0.6666666865348816
0.5
0.5769230723381042
0.5
0.4615384638309479
0.3684210479259491
0.6666666865348816
0.7142857313156128
0.5454545617103577
0.6000000238418579
0.380952388048172
0.8461538553237915
0.8644067645072937
0.46875
0.6666666865348816
0.5185185074806213
0.7317073345184326
0.9583333134651184
0.7678571343421936
0.5199999809265137
0.6774193644523621
0.4516128897666931
0.9487179517745972
0.5277777910232544
0.5783132314682007
0.7307692170143127
0.6666666865348816
0.7727272510528564
0.6666666865348816
0.9545454382896423
0.5806451439857483
0.5
1.0
0.9166666865348816
0.90625
0.4545454680919647
0.8823529481887817
0.5714285969734192
1.0
0.9285714030265808
0.5882353186607361
0.6000000238418579
0.7777777910232544
0.739130437374115
0.4444444477558136
0.7142857313156128
0.9375
0.4615384638309479
0.9200000166893005
0.8500000238418579
0.6470588445663452
0.95652174949646
0.8571428656578064
0.7727272510528564
0.875
0.6000000238418579
0.6000000238418579
0.7777777910232544
0.699999988079071
0.6470588445663452
0.5454545617103577
0.6875
0.8222222328186035
0.4166666567325592
0.7692307829856873
0.6363636255264282
1.0
0.8999999761581421
0.40909090638160706
1.0
0.5652173757553101
0.8717948794364929
0.6296296119689941
0.5151515007019043
0.84375
0.38333332538604736
0.800000011920929
0.5890411138534546
0.7166666388511658
0.5061728358268738
0.7333333492279053
0.5263158082962036
0.7804877758026123
0.5909090638160706
0.6470588445663452
0.8500000238418579
0.5087719559669495
0.746835470199585
0.6376811861991882
0.6461538672447205
0.4878048896789551
0.6000000238418579
0.4871794879436493
0.7560975551605225
0.4516128897666931
0.5625
0.5625
0.42105263471603394
0.6818181872367859
0.84375
0.8823529481887817
0.4047619104385376
0.5625
0.6470588445663452
0.6875
0.9166666865348816
0.5
0.90625
0.75
0.5151515007019043
0.8965517282485962
0.42222222685813904
0.8275862336158752
0.5714285969734192
0.4736842215061188
0.3636363744735718
0.47058823704719543
0.59375
0.7058823704719543
1.0
0.7333333492279053
0.5789473652839661
0.6111111044883728
0.5555555820465088
0.7234042286872864
0.5555555820465088
0.6666666865348816
0.800000011920929
0.6842105388641357
0.8787878751754761
0.75
0.8500000238418579
0.5
1.0
1.0
0.6000000238418579
0.8461538553237915
0.6399999856948853
0.6969696879386902
0.6538461446762085
0.6818181872367859
0.9599999785423279
0.43478259444236755
0.4000000059604645
0.7352941036224365
0.5714285969734192
0.7142857313156128
0.5263158082962036
0.7894737124443054
0.5882353186607361
0.7333333492279053
0.4166666567325592
0.7894737124443054
0.5833333134651184
0.6153846383094788
0.90625
0.7083333134651184
0.6521739363670349
0.8857142925262451
0.5
0.9666666388511658
0.9047619104385376
0.375
0.8799999952316284
0.800000011920929
0.7368420958518982
1.0
0.9130434989929199
0.9772727489471436
0.7272727489471436
0.4736842215061188
0.9411764740943909
0.8333333134651184
0.5882353186607361
0.8260869383811951
0.7894737124443054
0.47826087474823
0.7142857313156128
0.9375
0.47826087474823
0.7368420958518982
0.738095223903656
0.7868852615356445
0.9047619104385376
0.84375
0.5925925970077515
0.7058823704719543
0.5
0.5
0.9200000166893005
0.6388888955116272
0.6666666865348816
0.8571428656578064
0.8571428656578064
0.5507246255874634
0.5128205418586731
0.8571428656578064
0.25
0.6666666865348816
0.6557376980781555
0.692307710647583
0.5
0.9729729890823364
0.9130434989929199
0.8518518805503845
0.5918367505073547
0.4761904776096344
0.5833333134651184
0.5757575631141663
0.6666666865348816
0.5416666865348816
0.8636363744735718
0.7777777910232544
0.4545454680919647
0.5333333611488342
0.8333333134651184
0.9523809552192688
0.7333333492279053
0.5384615659713745
0.5789473652839661
0.4444444477558136
0.5517241358757019
0.4117647111415863
0.8214285969734192
0.5517241358757019
0.9523809552192688
0.5
0.4444444477558136
0.8125
1.0
0.774193525314331
0.7647058963775635
0.8799999952316284
0.6818181872367859
0.5857142806053162
0.41999998688697815
0.7058823704719543
0.42105263471603394
0.8333333134651184
0.4769230782985687
0.654321014881134
0.5416666865348816
0.42307692766189575
0.5714285969734192
0.75
0.46875
0.5400000214576721
0.644444465637207
0.8095238208770752
0.9344262480735779
0.5714285969734192
0.6052631735801697
0.6399999856948853
0.9259259104728699
0.5357142686843872
0.4285714328289032
0.7272727489471436
0.6363636255264282
0.6666666865348816
0.6785714030265808
0.7272727489471436
0.9166666865348816
0.8636363744735718
0.6428571343421936
0.5384615659713745
0.8999999761581421
0.9285714030265808
0.9655172228813171
0.5862069129943848
0.5333333611488342
0.6388888955116272
0.6521739363670349
0.5555555820465088
0.6818181872367859
0.46666666865348816
0.8888888955116272
0.8571428656578064
0.6000000238418579
0.7333333492279053
0.3636363744735718
0.5384615659713745
0.6521739363670349
0.7045454382896423
0.4545454680919647
0.5208333134651184
0.40909090638160706
0.6200000047683716
0.4444444477558136
0.3499999940395355
0.3529411852359772
0.6451612710952759
0.3333333432674408
0.4642857015132904
0.5555555820465088
0.5106382966041565
0.48148149251937866
0.4545454680919647
0.3636363744735718
0.31578946113586426
0.3333333432674408
0.5789473652839661
0.4375
0.692307710647583
0.5185185074806213
0.4390243887901306
0.6363636255264282
0.3636363744735718
0.42307692766189575
0.3888888955116272
0.6333333253860474
0.7727272510528564
0.4166666567325592
0.3499999940395355
0.625
0.5384615659713745
0.550000011920929
0.4333333373069763
0.2857142984867096
0.8888888955116272
0.6153846383094788
0.7142857313156128
0.5833333134651184
0.8333333134651184
0.6315789222717285
0.5918367505073547
0.7857142686843872
0.5945945978164673
0.3103448152542114
0.4545454680919647
0.8888888955116272
0.47999998927116394
0.375
0.5
0.3529411852359772
0.4444444477558136
0.5454545617103577
0.40740740299224854
0.8695651888847351
0.807692289352417
0.5
0.40909090638160706
0.5454545617103577
0.5
0.65625
0.4166666567325592
0.7551020383834839
0.5199999809265137
0.4375
0.6129032373428345
0.7878788113594055
0.3571428656578064
0.4444444477558136
0.6363636255264282
0.8235294222831726
0.5652173757553101
0.5199999809265137
0.38461539149284363
0.5
0.6122449040412903
0.5
0.3333333432674408
0.800000011920929
0.8095238208770752
0.4838709533214569
0.6153846383094788
0.6666666865348816
0.5441176295280457
0.5
1.0
0.6410256624221802
0.46666666865348816
0.59375
0.3125
0.800000011920929
0.7272727489471436
0.7272727489471436
0.5833333134651184
0.7105262875556946
0.5555555820465088
0.4444444477558136
0.7142857313156128
0.6774193644523621
0.5652173757553101
0.38461539149284363
0.695652186870575
0.8297872543334961
0.5882353186607361
0.797468364238739
0.8500000238418579
0.6206896305084229
0.6666666865348816
0.6129032373428345
0.5806451439857483
0.65625
0.32258063554763794
0.5277777910232544
0.75
0.3333333432674408
0.6666666865348816
