0.71875
1.0
0.7727272510528564
0.4615384638309479
1.0
0.8333333134651184
0.8636363744735718
0.5357142686843872
0.71875
0.931034505367279
0.8799999952316284
0.9047619104385376
0.9333333373069763
0.9333333373069763
0.800000011920929
0.8947368264198303
0.8571428656578064
0.8888888955116272
0.8571428656578064
1.0
0.9200000166893005
0.7647058963775635
0.6666666865348816
0.9523809552192688
0.9615384340286255
0.9444444179534912
0.9583333134651184
0.75
0.9375
1.0
0.9696969985961914
0.8888888955116272
0.75
0.9230769276618958
0.8125
0.9200000166893005
0.8666666746139526
1.0
0.8695651888847351
0.8999999761581421
0.9130434989929199
0.6666666865348816
0.7586206793785095
0.9090909361839294
0.8888888955116272
0.9523809552192688
0.8235294222831726
0.9444444179534912
0.8636363744735718
0.7916666865348816
0.8666666746139526
0.8529411554336548
0.931034505367279
0.9032257795333862
0.6499999761581421
0.9047619104385376
0.7272727489471436
0.9534883499145508
0.9375
1.0
0.8799999952316284
0.96875
0.8823529481887817
1.0
0.9230769276618958
0.9333333373069763
0.800000011920929
0.8571428656578064
0.8260869383811951
0.9375
0.7692307829856873
0.761904776096344
0.8947368264198303
0.9104477763175964
0.8888888955116272
0.9130434989929199
0.6774193644523621
0.7333333492279053
0.75
0.8666666746139526
0.7142857313156128
0.8461538553237915
1.0
0.931034505367279
0.9230769276618958
0.8571428656578064
0.8235294222831726
0.6363636255264282
0.95652174949646
0.9166666865348816
0.7222222089767456
1.0
0.8181818127632141
0.8387096524238586
1.0
0.9069767594337463
0.5333333611488342
0.800000011920929
0.7599999904632568
0.8888888955116272
