1.0
1.0
0.8636363744735718
1.0
1.0
0.9583333134651184
0.8636363744735718
0.8571428656578064
1.0
1.0
1.0
0.9523809552192688
1.0
0.9666666388511658
0.949999988079071
1.0
1.0
0.9629629850387573
0.8095238208770752
1.0
0.9200000166893005
0.9411764740943909
1.0
0.9047619104385376
1.0
0.9444444179534912
1.0
0.800000011920929
1.0
0.9230769276618958
0.9696969985961914
0.9444444179534912
1.0
0.9230769276618958
1.0
0.9599999785423279
1.0
1.0
0.8695651888847351
0.8999999761581421
0.95652174949646
1.0
0.8965517282485962
1.0
1.0
1.0
0.9411764740943909
0.8888888955116272
0.9545454382896423
0.9166666865348816
0.9333333373069763
0.970588207244873
0.9655172228813171
0.9032257795333862
0.8999999761581421
1.0
0.9545454382896423
0.9767441749572754
1.0
1.0
0.9200000166893005
0.96875
0.8823529481887817
1.0
0.9743589758872986
1.0
0.8999999761581421
0.9523809552192688
0.9130434989929199
0.9583333134651184
0.9230769276618958
0.9523809552192688
0.9473684430122375
0.9253731369972229
0.9722222089767456
0.95652174949646
0.9677419066429138
1.0
0.800000011920929
0.9333333373069763
0.9047619104385376
0.9230769276618958
1.0
0.8965517282485962
1.0
0.9047619104385376
0.8235294222831726
0.8409090638160706
1.0
1.0
1.0
0.9545454382896423
0.939393937587738
1.0
1.0
1.0
1.0
0.8999999761581421
0.9599999785423279
1.0
0.8888888955116272
0.7777777910232544
0.8999999761581421
0.9615384340286255
0.9375
0.9230769276618958
0.9473684430122375
1.0
0.9285714030265808
1.0
0.8999999761581421
0.9523809552192688
0.9230769276618958
0.9830508232116699
1.0
1.0
0.9259259104728699
1.0
1.0
0.9821428656578064
1.0
0.9838709831237793
1.0
1.0
0.9444444179534912
0.9759036302566528
1.0
0.9696969985961914
0.9545454382896423
0.8333333134651184
0.9545454382896423
0.9677419066429138
0.8888888955116272
1.0
0.9166666865348816
0.96875
0.8787878751754761
1.0
1.0
0.9523809552192688
0.9285714030265808
0.8235294222831726
1.0
0.8888888955116272
0.8260869383811951
0.9444444179534912
1.0
0.9375
0.7692307829856873
1.0
0.8500000238418579
1.0
1.0
1.0
