1.0
1.0
0.7727272510528564
1.0
1.0
0.875
0.8181818127632141
1.0
1.0
1.0
0.9200000166893005
0.9523809552192688
1.0
0.9666666388511658
0.8500000238418579
1.0
1.0
0.9629629850387573
0.8571428656578064
1.0
0.9200000166893005
0.9411764740943909
0.9333333373069763
0.9523809552192688
1.0
0.9444444179534912
0.9583333134651184
0.800000011920929
1.0
1.0
0.9696969985961914
0.7222222089767456
0.9772727489471436
1.0
1.0
0.9599999785423279
1.0
0.9714285731315613
0.95652174949646
0.8999999761581421
1.0
1.0
0.8620689511299133
1.0
0.8888888955116272
0.9047619104385376
0.8823529481887817
0.9444444179534912
0.8636363744735718
0.9166666865348816
0.9333333373069763
1.0
1.0
0.9677419066429138
0.8500000238418579
1.0
0.8181818127632141
0.9767441749572754
1.0
1.0
0.9599999785423279
1.0
1.0
0.949999988079071
0.9743589758872986
0.9333333373069763
0.8999999761581421
0.976190447807312
0.95652174949646
1.0
0.9230769276618958
0.9523809552192688
0.8947368264198303
0.89552241563797
0.9166666865348816
0.739130437374115
0.9032257795333862
1.0
0.75
0.800000011920929
0.8095238208770752
0.8461538553237915
1.0
0.8965517282485962
0.9230769276618958
0.9523809552192688
0.9411764740943909
0.9090909361839294
0.95652174949646
0.9583333134651184
0.7222222089767456
1.0
1.0
0.9677419066429138
1.0
0.9767441749572754
1.0
0.875
0.9200000166893005
1.0
