0.84375
1.0
0.8181818127632141
0.7692307829856873
1.0
0.7083333134651184
0.7727272510528564
1.0
0.8125
0.7241379022598267
0.6399999856948853
0.5714285969734192
1.0
0.9666666388511658
0.75
0.8947368264198303
0.5714285969734192
0.8888888955116272
0.8095238208770752
0.6666666865348816
0.8799999952316284
0.5882353186607361
0.7333333492279053
0.9523809552192688
0.9615384340286255
0.7222222089767456
0.7916666865348816
0.75
0.8125
0.8461538553237915
1.0
0.7777777910232544
0.7727272510528564
0.692307710647583
0.75
0.8799999952316284
0.6000000238418579
0.8571428656578064
0.9130434989929199
0.7333333492279053
0.6304348111152649
0.7777777910232544
0.7931034564971924
0.8181818127632141
0.6111111044883728
1.0
0.9411764740943909
0.5555555820465088
0.8636363744735718
0.875
0.800000011920929
0.9117646813392639
0.8275862336158752
0.8387096524238586
0.8500000238418579
0.7142857313156128
0.6818181872367859
0.8372092843055725
0.8125
0.9333333373069763
0.8799999952316284
1.0
0.8823529481887817
1.0
0.8717948794364929
0.8666666746139526
0.699999988079071
0.9285714030265808
0.6086956262588501
0.7708333134651184
0.5384615659713745
0.8571428656578064
0.9473684430122375
0.6716417670249939
0.6388888955116272
0.8260869383811951
0.6451612710952759
0.8666666746139526
0.6000000238418579
0.800000011920929
0.9523809552192688
0.692307710647583
0.8888888955116272
0.6896551847457886
1.0
0.8095238208770752
0.6470588445663452
0.8181818127632141
0.695652186870575
0.7916666865348816
0.7777777910232544
0.9545454382896423
0.7272727489471436
0.8709677457809448
0.9166666865348816
0.9069767594337463
1.0
0.925000011920929
0.6800000071525574
0.7777777910232544
0.9629629850387573
0.6111111044883728
0.6499999761581421
0.8461538553237915
0.875
0.7435897588729858
0.8947368264198303
0.7222222089767456
0.7142857313156128
0.8636363744735718
0.6000000238418579
0.9523809552192688
0.8846153616905212
0.9322034120559692
0.75
0.75
0.9629629850387573
0.9512194991111755
0.8333333134651184
0.8392857313156128
0.8799999952316284
0.8225806355476379
0.9354838728904724
0.9743589758872986
0.8055555820465088
0.891566276550293
0.8846153616905212
0.8181818127632141
0.7272727489471436
0.7666666507720947
0.9090909361839294
1.0
0.9444444179534912
0.96875
0.8333333134651184
0.84375
0.9696969985961914
1.0
0.9285714030265808
1.0
0.7142857313156128
0.529411792755127
0.8399999737739563
0.5555555820465088
0.695652186870575
0.8333333134651184
0.8571428656578064
0.6875
0.7692307829856873
0.9599999785423279
0.75
1.0
0.9347826242446899
0.7142857313156128
1.0
0.75
0.699999988079071
0.8666666746139526
0.8888888955116272
0.6000000238418579
0.6470588445663452
0.7727272510528564
0.5625
0.8444444537162781
0.5833333134651184
0.8461538553237915
0.9545454382896423
0.8999999761581421
0.8500000238418579
0.6818181872367859
0.8461538553237915
0.782608687877655
0.8205128312110901
0.8148148059844971
0.8333333134651184
0.65625
0.8333333134651184
0.6888889074325562
0.767123281955719
0.8999999761581421
0.7160493731498718
0.8666666746139526
0.7631579041481018
0.7317073345184326
0.7727272510528564
0.7941176295280457
0.8999999761581421
1.0
0.6708860993385315
0.8695651888847351
0.9538461565971375
0.9512194991111755
0.699999988079071
0.5897436141967773
0.6585366129875183
0.8709677457809448
0.75
0.625
0.8947368264198303
0.8409090638160706
0.90625
1.0
0.9523809552192688
0.875
0.9411764740943909
0.625
0.875
0.7222222089767456
0.75
0.949999988079071
0.8787878751754761
0.8620689511299133
0.8666666746139526
0.8965517282485962
1.0
0.6842105388641357
0.7272727489471436
0.7352941036224365
0.765625
1.0
0.75
0.9333333373069763
0.8421052694320679
0.6666666865348816
0.7777777910232544
0.914893627166748
0.6888889074325562
0.8666666746139526
0.9333333373069763
0.9473684430122375
0.9696969985961914
0.875
0.699999988079071
0.9090909361839294
0.9333333373069763
0.9200000166893005
0.6000000238418579
0.9615384340286255
0.9200000166893005
0.939393937587738
0.8461538553237915
0.9090909361839294
0.9200000166893005
0.8695651888847351
0.800000011920929
0.9117646813392639
0.8571428656578064
0.8571428656578064
0.5789473652839661
0.9473684430122375
0.7058823704719543
1.0
1.0
0.9736841917037964
0.9166666865348816
1.0
0.96875
0.7083333134651184
0.5652173757553101
0.9714285731315613
0.9583333134651184
0.9333333373069763
1.0
0.5625
0.8399999737739563
0.75
0.8157894611358643
0.8461538553237915
0.95652174949646
0.9545454382896423
1.0
0.8421052694320679
1.0
0.6666666865348816
0.9411764740943909
0.782608687877655
0.7894737124443054
0.9130434989929199
1.0
0.875
0.95652174949646
0.7368420958518982
0.9285714030265808
0.8032786846160889
0.8095238208770752
0.53125
0.7777777910232544
0.9411764740943909
0.90625
0.8823529481887817
0.9599999785423279
0.9166666865348816
0.9333333373069763
0.9523809552192688
0.8571428656578064
0.9855072498321533
0.8717948794364929
0.8928571343421936
0.3611111044883728
0.5833333134651184
0.8196721076965332
0.7692307829856873
0.875
0.9729729890823364
0.695652186870575
0.6851851940155029
0.9387755393981934
1.0
0.5833333134651184
0.939393937587738
0.9333333373069763
0.8333333134651184
0.9545454382896423
0.8888888955116272
0.7272727489471436
0.6000000238418579
0.6666666865348816
1.0
0.800000011920929
0.5384615659713745
0.7368420958518982
0.8333333134651184
0.8275862336158752
0.6470588445663452
0.8928571343421936
0.8965517282485962
0.8571428656578064
0.7916666865348816
0.7222222089767456
0.8125
1.0
1.0
0.8823529481887817
0.9200000166893005
0.7272727489471436
0.7714285850524902
0.6399999856948853
0.8823529481887817
1.0
0.9259259104728699
0.8461538553237915
0.8888888955116272
0.7083333134651184
0.5384615659713745
0.8285714387893677
0.875
0.75
0.8999999761581421
0.9555555582046509
0.6904761791229248
0.8524590134620667
0.9285714030265808
0.8684210777282715
0.9599999785423279
0.7037037014961243
0.8214285969734192
0.6428571343421936
0.8181818127632141
0.8181818127632141
1.0
0.75
0.7272727489471436
0.8888888955116272
0.6363636255264282
0.8571428656578064
0.692307710647583
0.949999988079071
0.8571428656578064
0.9655172228813171
1.0
0.800000011920929
0.8055555820465088
1.0
0.7777777910232544
0.7272727489471436
0.7666666507720947
0.9444444179534912
0.8571428656578064
0.8666666746139526
0.800000011920929
0.8181818127632141
0.5384615659713745
0.6086956262588501
0.8181818127632141
0.8181818127632141
0.5625
0.6818181872367859
0.5799999833106995
0.7777777910232544
0.75
0.7647058963775635
0.7419354915618896
0.9444444179534912
0.8928571343421936
0.8611111044883728
0.7021276354789734
0.6481481194496155
0.8181818127632141
0.5454545617103577
0.8947368264198303
0.3333333432674408
0.42105263471603394
0.5
0.5769230723381042
0.7962962985038757
0.5609756112098694
0.5454545617103577
0.4545454680919647
0.7115384340286255
0.5555555820465088
0.5666666626930237
0.6818181872367859
0.625
0.699999988079071
0.625
0.6153846383094788
0.5
0.5333333611488342
0.5714285969734192
0.9444444179534912
0.6153846383094788
0.7857142686843872
0.875
1.0
0.8421052694320679
0.6938775777816772
0.5
0.6756756901741028
0.931034505367279
0.6363636255264282
0.8888888955116272
0.6399999856948853
0.7083333134651184
0.7727272510528564
0.6470588445663452
0.6111111044883728
0.6818181872367859
0.8888888955116272
0.739130437374115
0.692307710647583
0.42105263471603394
0.7272727489471436
0.5454545617103577
0.5769230723381042
0.71875
0.7083333134651184
0.7142857313156128
0.7599999904632568
0.6875
0.8387096524238586
0.7878788113594055
0.5
0.4444444477558136
0.9090909361839294
0.8235294222831726
1.0
0.6800000071525574
0.38461539149284363
0.5
0.6122449040412903
0.8571428656578064
0.6666666865348816
0.8999999761581421
0.9523809552192688
0.7903226017951965
0.8461538553237915
0.5833333134651184
0.6323529481887817
0.7083333134651184
0.9090909361839294
0.8461538553237915
0.7333333492279053
0.875
0.5625
0.6666666865348816
0.7272727489471436
