1.0
0.9696969985961914
0.8181818127632141
0.7692307829856873
1.0
0.9166666865348816
0.9090909361839294
1.0
0.96875
0.8965517282485962
0.8399999737739563
0.7142857313156128
0.9333333373069763
0.9666666388511658
0.800000011920929
0.8947368264198303
0.6428571343421936
0.9259259104728699
0.8571428656578064
1.0
0.9599999785423279
0.8235294222831726
0.8666666746139526
0.9523809552192688
0.9615384340286255
0.9444444179534912
1.0
0.75
0.875
0.8461538553237915
0.9090909361839294
0.7222222089767456
1.0
0.9230769276618958
0.5625
0.8799999952316284
1.0
0.9428571462631226
0.6086956262588501
0.8666666746139526
0.95652174949646
0.8888888955116272
0.8965517282485962
0.9090909361839294
0.7777777910232544
0.9047619104385376
0.7647058963775635
1.0
0.8181818127632141
0.9166666865348816
0.9333333373069763
0.8823529481887817
1.0
0.9032257795333862
0.8999999761581421
0.8095238208770752
0.7727272510528564
0.9534883499145508
1.0
0.9333333373069763
0.8399999737739563
0.9375
0.9411764740943909
1.0
0.8461538553237915
1.0
0.949999988079071
0.9523809552192688
0.739130437374115
0.9791666865348816
0.6153846383094788
0.9047619104385376
0.9473684430122375
0.8507462739944458
0.9166666865348816
0.9130434989929199
1.0
1.0
0.75
0.8666666746139526
0.6666666865348816
0.8846153616905212
1.0
0.7241379022598267
0.9230769276618958
0.9523809552192688
0.8823529481887817
0.6590909361839294
1.0
0.875
0.6666666865348816
1.0
0.8787878751754761
0.9354838728904724
0.4166666567325592
0.9534883499145508
0.8666666746139526
0.8999999761581421
1.0
1.0
