0.65625
0.6060606241226196
0.40909090638160706
0.3076923191547394
0.6666666865348816
0.375
0.40909090638160706
0.6071428656578064
0.28125
0.4137931168079376
0.36000001430511475
0.4761904776096344
0.46666666865348816
0.5
0.3499999940395355
0.42105263471603394
0.6428571343421936
0.37037035822868347
0.380952388048172
0.6111111044883728
0.6399999856948853
0.47058823704719543
0.5333333611488342
0.4285714328289032
0.5769230723381042
0.8888888955116272
0.3333333432674408
0.4000000059604645
0.375
0.38461539149284363
0.5757575631141663
0.5555555820465088
0.6590909361839294
0.4615384638309479
0.5625
0.3199999928474426
0.3333333432674408
0.22857142984867096
0.30434781312942505
0.5
0.30434781312942505
0.2777777910232544
0.4137931168079376
0.5454545617103577
0.3888888955116272
0.380952388048172
0.5882353186607361
0.3888888955116272
0.40909090638160706
0.375
0.46666666865348816
0.3529411852359772
0.4482758641242981
0.32258063554763794
0.6000000238418579
0.6190476417541504
0.6363636255264282
0.39534884691238403
0.625
0.6000000238418579
0.4399999976158142
0.46875
0.4117647111415863
0.3499999940395355
0.3333333432674408
0.6000000238418579
0.3499999940395355
0.380952388048172
0.3478260934352875
0.3958333432674408
0.38461539149284363
0.2380952388048172
0.5263158082962036
0.5671641826629639
0.3333333432674408
0.43478259444236755
0.35483869910240173
0.46666666865348816
0.15000000596046448
0.3333333432674408
0.523809552192688
0.5769230723381042
0.8333333134651184
0.48275861144065857
0.692307710647583
0.2380952388048172
0.29411765933036804
0.3863636255264282
0.3913043439388275
0.25
0.3888888955116272
0.3181818127632141
0.3333333432674408
0.32258063554763794
0.3333333432674408
0.5348837375640869
0.4000000059604645
0.5
0.36000001430511475
0.3333333432674408
0.48148149251937866
0.3888888955116272
0.3499999940395355
0.5384615659713745
0.375
0.3333333432674408
0.2631579041481018
0.3333333432674408
0.3571428656578064
0.3636363744735718
0.6000000238418579
0.2857142984867096
0.5
0.37288135290145874
0.375
0.625
0.37037035822868347
0.6219512224197388
0.2916666567325592
0.4107142984867096
0.3199999928474426
0.3870967626571655
0.3870967626571655
0.38461539149284363
0.3055555522441864
0.6626505851745605
0.7692307829856873
0.3030303120613098
0.3181818127632141
0.2666666805744171
0.8636363744735718
0.5806451439857483
0.4444444477558136
0.75
0.3333333432674408
0.78125
0.24242424964904785
0.4117647111415863
0.6428571343421936
0.4285714328289032
0.3571428656578064
0.529411792755127
0.5600000023841858
0.4444444477558136
0.3913043439388275
0.3333333432674408
0.7142857313156128
0.375
0.38461539149284363
0.800000011920929
0.30000001192092896
0.3529411852359772
0.5
0.6428571343421936
0.3636363744735718
0.5625
0.3499999940395355
0.6000000238418579
0.4444444477558136
0.4000000059604645
0.6470588445663452
0.40909090638160706
0.5
0.31111112236976624
0.6666666865348816
0.4615384638309479
0.4545454680919647
0.30000001192092896
0.25
0.5454545617103577
0.5
0.3478260934352875
0.3076923191547394
0.5925925970077515
0.22727273404598236
0.28125
0.25
0.5111111402511597
0.5616438388824463
0.36666667461395264
0.2716049253940582
0.5666666626930237
0.4736842215061188
0.3658536672592163
0.3636363744735718
0.2647058963775635
0.25
0.3333333432674408
0.29113924503326416
0.260869562625885
0.2461538463830948
0.4146341383457184
0.36666667461395264
0.20512820780277252
0.4146341383457184
0.3870967626571655
0.28125
0.4375
0.31578946113586426
0.3181818127632141
0.59375
0.47058823704719543
0.3095238208770752
0.4375
0.529411792755127
0.4375
0.4166666567325592
0.3055555522441864
0.46875
0.4000000059604645
0.5151515007019043
0.6551724076271057
0.4000000059604645
0.517241358757019
0.6071428656578064
0.6842105388641357
0.3636363744735718
0.38235294818878174
0.25
0.529411792755127
0.4166666567325592
0.3333333432674408
0.3684210479259491
0.5
0.3888888955116272
0.4680851101875305
0.2666666805744171
0.4000000059604645
0.36666667461395264
0.34210526943206787
0.3636363744735718
0.25
0.25
0.5681818127632141
0.3333333432674408
0.6399999856948853
0.699999988079071
0.692307710647583
0.36000001430511475
0.6666666865348816
0.4615384638309479
0.5454545617103577
0.4000000059604645
0.52173912525177
0.2666666805744171
0.529411792755127
0.5
0.5714285969734192
0.4736842215061188
0.5263158082962036
0.529411792755127
0.6000000238418579
0.4166666567325592
0.5
0.4166666567325592
0.5384615659713745
0.28125
0.4583333432674408
0.43478259444236755
0.34285715222358704
0.375
0.3333333432674408
0.523809552192688
0.3125
0.5600000023841858
0.6499999761581421
0.28947368264198303
0.3461538553237915
0.43478259444236755
0.6590909361839294
0.3636363744735718
0.42105263471603394
0.23529411852359772
0.5
0.3529411852359772
0.3478260934352875
0.5263158082962036
0.43478259444236755
0.4285714328289032
0.4375
0.47826087474823
0.4736842215061188
0.5
0.37704917788505554
0.3333333432674408
0.5
0.4444444477558136
0.4117647111415863
0.46875
0.3529411852359772
0.2800000011920929
0.5
0.3333333432674408
0.2380952388048172
0.34285715222358704
0.2753623127937317
0.43589743971824646
0.5
0.3611111044883728
0.5
0.49180328845977783
0.4615384638309479
0.4375
0.6486486196517944
0.43478259444236755
0.35185185074806213
0.6326530575752258
0.4285714328289032
0.5
0.5454545617103577
0.5333333611488342
0.5416666865348816
0.4545454680919647
0.31481480598449707
0.40909090638160706
0.4000000059604645
0.4583333432674408
0.5714285969734192
0.4000000059604645
0.38461539149284363
0.3684210479259491
0.3888888955116272
0.24137930572032928
0.3529411852359772
0.5357142686843872
0.4482758641242981
0.6666666865348816
0.2916666567325592
0.4444444477558136
0.5
0.3636363744735718
0.774193525314331
0.4117647111415863
0.7200000286102295
0.40909090638160706
0.5285714268684387
0.25999999046325684
0.4117647111415863
0.31578946113586426
0.42592594027519226
0.29230770468711853
0.7283950448036194
0.3333333432674408
0.5
0.48571428656578064
0.25
0.40625
0.6399999856948853
0.3777777850627899
0.4523809552192688
0.6229507923126221
0.3571428656578064
0.44736841320991516
0.4399999976158142
0.5555555820465088
0.5357142686843872
0.2857142984867096
0.5454545617103577
0.3181818127632141
0.6666666865348816
0.5357142686843872
0.6363636255264282
0.4166666567325592
0.4545454680919647
0.5714285969734192
0.3076923191547394
0.3499999940395355
0.5714285969734192
0.5862069129943848
0.5862069129943848
0.46666666865348816
0.6111111044883728
0.43478259444236755
0.5555555820465088
0.5
0.4000000059604645
0.5
0.6428571343421936
0.3333333432674408
0.7333333492279053
0.3636363744735718
0.5384615659713745
0.43478259444236755
0.34090909361839294
0.5454545617103577
0.25
0.27272728085517883
0.20000000298023224
0.2777777910232544
0.3499999940395355
0.29411765933036804
0.4193548262119293
0.3333333432674408
0.3928571343421936
0.5
0.38297873735427856
0.2222222238779068
0.5454545617103577
0.4545454680919647
0.31578946113586426
0.3333333432674408
0.3684210479259491
0.3125
0.3076923191547394
0.2777777910232544
0.31707316637039185
0.4545454680919647
0.3636363744735718
0.3461538553237915
0.2777777910232544
0.23333333432674408
0.40909090638160706
0.4583333432674408
0.3499999940395355
0.375
0.38461539149284363
0.2750000059604645
0.30000001192092896
0.3571428656578064
0.7222222089767456
0.42307692766189575
0.4285714328289032
0.25
0.4166666567325592
0.42105263471603394
0.3265306055545807
0.4285714328289032
0.29729729890823364
0.37931033968925476
0.5454545617103577
0.5185185074806213
0.5199999809265137
0.6666666865348816
0.40909090638160706
0.3529411852359772
0.3888888955116272
0.3863636255264282
0.5185185074806213
0.43478259444236755
0.42307692766189575
0.3947368562221527
0.3181818127632141
0.6363636255264282
0.4615384638309479
0.3125
0.3333333432674408
0.2857142984867096
0.4000000059604645
0.5625
0.4838709533214569
0.5757575631141663
0.3571428656578064
0.3333333432674408
0.5
0.29411765933036804
0.5652173757553101
0.4000000059604645
0.3076923191547394
0.4375
0.40816327929496765
0.5714285969734192
0.4444444477558136
0.6000000238418579
0.4761904776096344
0.24193547666072845
0.3461538553237915
0.4166666567325592
0.30882352590560913
0.4166666567325592
0.6363636255264282
0.38461539149284363
0.46666666865348816
0.28125
0.4375
0.6666666865348816
0.6363636255264282
0.4545454680919647
0.4166666567325592
0.31578946113586426
0.42222222685813904
0.2222222238779068
0.4285714328289032
0.4193548262119293
0.43478259444236755
0.3076923191547394
0.5652173757553101
0.25531914830207825
0.2647058963775635
0.3037974536418915
0.4000000059604645
0.517241358757019
0.27272728085517883
0.4193548262119293
0.25806450843811035
0.28125
0.22580644488334656
0.6111111044883728
0.34375
0.3888888955116272
0.39393940567970276
