0.625
0.6969696879386902
0.4545454680919647
0.7692307829856873
0.5
1.0
0.4545454680919647
0.5714285969734192
0.4375
0.37931033968925476
0.5600000023841858
0.380952388048172
0.800000011920929
0.6666666865348816
0.5
0.5263158082962036
0.6428571343421936
0.5185185074806213
0.523809552192688
0.4444444477558136
0.7599999904632568
0.7058823704719543
0.46666666865348816
0.7142857313156128
0.8461538553237915
0.5
0.5416666865348816
0.75
0.375
0.8461538553237915
0.39393940567970276
0.6111111044883728
0.8409090638160706
0.7692307829856873
0.8125
0.47999998927116394
0.5333333611488342
0.48571428656578064
0.3913043439388275
0.7666666507720947
0.30434781312942505
0.3333333432674408
0.4482758641242981
0.7272727489471436
0.8333333134651184
0.5714285969734192
0.47058823704719543
0.5
0.7272727489471436
0.375
0.4000000059604645
0.5588235259056091
0.517241358757019
0.4193548262119293
0.550000011920929
0.380952388048172
0.3636363744735718
0.39534884691238403
0.75
0.800000011920929
0.8799999952316284
0.8125
0.529411792755127
0.550000011920929
0.5897436141967773
0.46666666865348816
0.6499999761581421
0.4047619104385376
0.30434781312942505
0.4166666567325592
0.6153846383094788
0.4285714328289032
0.5789473652839661
0.43283581733703613
0.3611111044883728
0.695652186870575
0.7096773982048035
0.46666666865348816
0.30000001192092896
0.6666666865348816
0.4761904776096344
0.42307692766189575
0.7777777910232544
0.8275862336158752
0.8461538553237915
0.4761904776096344
0.47058823704719543
0.6136363744735718
0.8260869383811951
0.3333333432674408
0.4444444477558136
0.8636363744735718
0.3333333432674408
0.7419354915618896
0.6666666865348816
0.6279069781303406
0.8666666746139526
0.824999988079071
0.6399999856948853
0.5
