0.46875
0.3333333432674408
0.40909090638160706
0.38461539149284363
0.4166666567325592
0.4166666567325592
0.40909090638160706
0.3571428656578064
0.375
0.37931033968925476
0.47999998927116394
0.3333333432674408
0.5333333611488342
0.5
0.3499999940395355
0.31578946113586426
0.5
0.5925925970077515
0.6190476417541504
0.3888888955116272
0.4000000059604645
0.3529411852359772
0.6000000238418579
0.5714285969734192
0.6153846383094788
0.4444444477558136
0.375
0.30000001192092896
0.375
0.38461539149284363
0.5151515007019043
0.4444444477558136
0.6590909361839294
0.4615384638309479
0.5
0.4399999976158142
0.2666666805744171
0.22857142984867096
0.43478259444236755
0.36666667461395264
0.239130437374115
0.5555555820465088
0.3448275923728943
0.6363636255264282
0.6666666865348816
0.761904776096344
0.529411792755127
0.3888888955116272
0.40909090638160706
0.4166666567325592
0.4000000059604645
0.5
0.4137931168079376
0.5806451439857483
0.550000011920929
0.523809552192688
0.22727273404598236
0.3720930218696594
0.375
0.46666666865348816
0.5199999809265137
0.5
0.47058823704719543
0.5
0.3333333432674408
0.46666666865348816
0.3499999940395355
0.3571428656578064
0.3478260934352875
0.4583333432674408
0.4615384638309479
0.2857142984867096
0.5789473652839661
0.5522388219833374
0.3333333432674408
0.43478259444236755
0.32258063554763794
0.4000000059604645
0.15000000596046448
0.3333333432674408
0.523809552192688
0.6153846383094788
0.4444444477558136
0.48275861144065857
0.8461538553237915
0.523809552192688
0.5882353186607361
0.4545454680919647
0.3913043439388275
0.5416666865348816
0.3888888955116272
0.3181818127632141
0.3636363744735718
0.32258063554763794
0.3333333432674408
0.4883720874786377
0.6000000238418579
0.20000000298023224
0.5600000023841858
0.3888888955116272
