1.0
1.0
1.0
1.0
1.0
1.0
1.0
1.0
1.0
1.0
0.9599999785423279
1.0
1.0
1.0
0.949999988079071
1.0
1.0
0.9259259104728699
0.9523809552192688
1.0
1.0
1.0
1.0
1.0
1.0
1.0
1.0
1.0
1.0
0.9230769276618958
1.0
1.0
1.0
1.0
1.0
0.9599999785423279
1.0
1.0
1.0
1.0
1.0
1.0
0.8965517282485962
1.0
0.9444444179534912
1.0
1.0
1.0
1.0
0.9166666865348816
0.9333333373069763
1.0
1.0
0.9677419066429138
1.0
1.0
1.0
0.9767441749572754
1.0
1.0
0.9599999785423279
1.0
0.9411764740943909
1.0
0.9743589758872986
1.0
0.949999988079071
1.0
0.95652174949646
1.0
0.8461538553237915
1.0
1.0
1.0
1.0
0.95652174949646
1.0
1.0
0.949999988079071
1.0
1.0
1.0
1.0
0.8965517282485962
0.9230769276618958
1.0
1.0
0.9318181872367859
1.0
1.0
1.0
1.0
1.0
1.0
1.0
1.0
1.0
1.0
1.0
1.0
1.0
1.0
0.949999988079071
0.9615384340286255
0.9375
0.9743589758872986
1.0
1.0
1.0
1.0
0.8999999761581421
1.0
0.9615384340286255
1.0
1.0
1.0
0.9629629850387573
0.9878048896789551
1.0
0.9821428656578064
1.0
1.0
0.9677419066429138
1.0
1.0
1.0
0.9615384340286255
1.0
1.0
0.9333333373069763
1.0
1.0
1.0
1.0
1.0
1.0
0.9696969985961914
1.0
1.0
1.0
1.0
0.9411764740943909
1.0
1.0
1.0
0.9444444179534912
1.0
1.0
0.9230769276618958
1.0
0.949999988079071
1.0
1.0
1.0
1.0
0.9375
0.949999988079071
1.0
1.0
1.0
1.0
1.0
1.0
1.0
1.0
1.0
1.0
1.0
1.0
0.9545454382896423
1.0
1.0
1.0
1.0
0.9848484992980957
1.0
1.0
1.0
0.9863013625144958
1.0
0.9876543283462524
1.0
1.0
1.0
1.0
1.0
1.0
1.0
0.949367105960846
1.0
0.9538461565971375
1.0
1.0
0.9743589758872986
0.9756097793579102
1.0
0.953125
1.0
1.0
0.9545454382896423
0.96875
1.0
0.976190447807312
1.0
1.0
1.0
1.0
0.9722222089767456
1.0
1.0
0.939393937587738
1.0
0.9777777791023254
0.9655172228813171
1.0
0.9473684430122375
1.0
0.970588207244873
1.0
1.0
0.9166666865348816
1.0
1.0
1.0
0.9444444179534912
1.0
1.0
1.0
1.0
0.9736841917037964
1.0
0.9375
1.0
0.9772727489471436
0.9333333373069763
0.9599999785423279
0.949999988079071
0.9615384340286255
0.9200000166893005
0.9696969985961914
1.0
1.0
1.0
0.9130434989929199
0.8666666746139526
1.0
1.0
1.0
0.9473684430122375
1.0
1.0
1.0
1.0
0.9736841917037964
1.0
1.0
1.0
1.0
1.0
1.0
1.0
1.0
1.0
0.875
0.9599999785423279
1.0
1.0
1.0
1.0
1.0
1.0
0.8947368264198303
1.0
0.9166666865348816
1.0
1.0
1.0
1.0
0.9523809552192688
1.0
1.0
1.0
0.976190447807312
0.9836065769195557
1.0
0.96875
0.9629629850387573
0.970588207244873
0.96875
0.970588207244873
1.0
1.0
1.0
1.0
0.9142857193946838
0.9855072498321533
1.0
1.0
0.9166666865348816
0.8333333134651184
0.9836065769195557
0.9230769276618958
1.0
1.0
1.0
1.0
0.9795918464660645
1.0
0.9166666865348816
1.0
0.9333333373069763
0.9166666865348816
1.0
0.9259259104728699
1.0
1.0
1.0
0.9523809552192688
1.0
0.8461538553237915
0.9473684430122375
1.0
1.0
1.0
1.0
1.0
1.0
0.9166666865348816
0.9444444179534912
1.0
1.0
1.0
0.970588207244873
0.9599999785423279
1.0
0.9857142567634583
0.9800000190734863
1.0
1.0
0.9814814925193787
1.0
1.0
0.9166666865348816
0.9615384340286255
0.9428571462631226
0.96875
1.0
1.0
1.0
1.0
0.9836065769195557
1.0
0.9473684430122375
1.0
1.0
0.9642857313156128
1.0
0.9090909361839294
1.0
1.0
1.0
1.0
1.0
1.0
0.9642857313156128
1.0
1.0
0.9285714030265808
1.0
1.0
0.9333333373069763
1.0
1.0
1.0
0.9545454382896423
0.9666666388511658
1.0
1.0
0.9333333373069763
1.0
1.0
0.9230769276618958
0.95652174949646
1.0
0.9545454382896423
1.0
0.9090909361839294
0.9599999785423279
0.9444444179534912
0.949999988079071
1.0
0.9677419066429138
1.0
0.9821428656578064
1.0
0.978723406791687
0.9814814925193787
1.0
0.9545454382896423
0.9473684430122375
0.9166666865348816
1.0
1.0
1.0
0.9814814925193787
0.9756097793579102
1.0
0.8636363744735718
0.9807692170143127
1.0
1.0
1.0
1.0
0.8999999761581421
0.9375
0.9615384340286255
0.8999999761581421
0.9333333373069763
1.0
1.0
1.0
1.0
0.9583333134651184
0.9166666865348816
1.0
0.9387755393981934
1.0
1.0
0.931034505367279
0.9090909361839294
0.9259259104728699
1.0
0.9166666865348816
1.0
1.0
0.8888888955116272
1.0
0.9444444179534912
1.0
1.0
0.9210526347160339
1.0
1.0
0.9487179517745972
0.90625
1.0
0.9795918464660645
1.0
1.0
0.9677419066429138
1.0
1.0
0.6666666865348816
1.0
1.0
1.0
0.9200000166893005
0.9230769276618958
1.0
0.9795918464660645
1.0
1.0
1.0
0.9523809552192688
0.9838709831237793
1.0
0.9166666865348816
0.9558823704719543
0.9583333134651184
1.0
0.8974359035491943
0.9333333373069763
1.0
0.8125
1.0
0.8181818127632141
1.0
1.0
0.9210526347160339
1.0
1.0
1.0
0.8709677457809448
1.0
1.0
1.0
1.0
0.970588207244873
0.9367088675498962
1.0
1.0
0.9090909361839294
0.9677419066429138
0.9354838728904724
0.96875
0.9032257795333862
1.0
1.0
1.0
1.0
