0.71875
0.9696969985961914
0.5454545617103577
0.5384615659713745
0.4166666567325592
0.9583333134651184
0.5454545617103577
1.0
0.875
0.931034505367279
0.7599999904632568
0.9047619104385376
0.800000011920929
0.9333333373069763
0.6499999761581421
0.6842105388641357
0.7857142686843872
0.7037037014961243
0.6190476417541504
0.6111111044883728
0.800000011920929
0.47058823704719543
0.800000011920929
0.5714285969734192
0.692307710647583
0.7777777910232544
0.7083333134651184
0.800000011920929
0.9375
0.9230769276618958
0.7575757503509521
0.6111111044883728
0.9318181872367859
0.692307710647583
0.6875
0.7599999904632568
0.46666666865348816
1.0
0.43478259444236755
0.6666666865348816
0.9130434989929199
0.6111111044883728
0.7241379022598267
0.6363636255264282
0.8888888955116272
0.7142857313156128
0.8235294222831726
0.9444444179534912
0.7727272510528564
0.4583333432674408
0.8666666746139526
0.7941176295280457
0.931034505367279
0.8387096524238586
0.800000011920929
0.6190476417541504
0.5454545617103577
0.9534883499145508
0.75
0.7333333492279053
0.7599999904632568
0.8125
0.6470588445663452
0.800000011920929
0.9230769276618958
0.6666666865348816
0.6499999761581421
0.6904761791229248
0.52173912525177
0.75
0.5384615659713745
0.8571428656578064
0.6315789222717285
0.9104477763175964
0.5555555820465088
0.9130434989929199
0.6774193644523621
0.9333333373069763
0.44999998807907104
0.800000011920929
0.523809552192688
0.7692307829856873
0.7777777910232544
0.7241379022598267
0.9230769276618958
0.6666666865348816
0.5882353186607361
0.5909090638160706
0.8260869383811951
0.9166666865348816
0.7222222089767456
1.0
0.7878788113594055
0.8709677457809448
0.8333333134651184
0.9534883499145508
0.7333333492279053
0.800000011920929
0.8799999952316284
0.8888888955116272
0.8888888955116272
0.7777777910232544
0.6499999761581421
0.6153846383094788
0.75
0.692307710647583
0.8421052694320679
1.0
0.7142857313156128
0.6818181872367859
0.6000000238418579
0.8095238208770752
0.9615384340286255
0.7796609997749329
1.0
0.9583333134651184
0.7037037014961243
0.8658536672592163
0.8333333134651184
0.7321428656578064
1.0
0.8709677457809448
0.9677419066429138
0.8974359035491943
0.9166666865348816
0.9156626462936401
0.8846153616905212
0.5151515007019043
0.7727272510528564
0.5666666626930237
1.0
0.774193525314331
0.7222222089767456
1.0
0.4166666567325592
0.84375
0.6363636255264282
0.6470588445663452
0.7142857313156128
0.9047619104385376
0.9285714030265808
0.7058823704719543
0.7599999904632568
0.6666666865348816
0.5652173757553101
1.0
0.7857142686843872
0.5
0.38461539149284363
0.800000011920929
0.550000011920929
0.7058823704719543
0.9347826242446899
0.7142857313156128
1.0
0.6875
0.550000011920929
0.5333333611488342
0.8888888955116272
0.800000011920929
0.6470588445663452
0.9090909361839294
0.625
0.7555555701255798
0.5
0.692307710647583
0.7727272510528564
0.949999988079071
0.6000000238418579
0.5454545617103577
1.0
0.782608687877655
0.6410256624221802
0.8518518805503845
0.8333333134651184
0.8125
0.8833333253860474
0.6000000238418579
0.767123281955719
0.8166666626930237
0.9259259104728699
0.8666666746139526
0.7368420958518982
0.5853658318519592
0.6818181872367859
0.7058823704719543
0.75
0.7543859481811523
0.5569620132446289
0.7536231875419617
0.8769230842590332
0.5609756112098694
0.8666666746139526
0.6666666865348816
0.707317054271698
0.6129032373428345
0.6875
0.5
0.4736842215061188
0.8181818127632141
0.5625
0.529411792755127
0.8571428656578064
0.9375
0.9411764740943909
0.5
0.7916666865348816
0.6944444179534912
0.59375
0.699999988079071
0.9090909361839294
0.6896551847457886
0.800000011920929
0.7586206793785095
0.8928571343421936
0.5789473652839661
0.4545454680919647
0.7941176295280457
0.65625
0.7647058963775635
0.6666666865348816
0.8666666746139526
0.5789473652839661
0.6111111044883728
0.5
0.8297872543334961
0.6222222447395325
0.6000000238418579
0.6666666865348816
0.7631579041481018
0.9696969985961914
0.5625
0.8999999761581421
0.7272727489471436
0.6666666865348816
0.800000011920929
0.949999988079071
0.7692307829856873
0.6399999856948853
1.0
0.7307692170143127
0.7727272510528564
0.8799999952316284
0.695652186870575
0.5333333611488342
0.8529411554336548
0.8571428656578064
0.8571428656578064
0.7894737124443054
0.9473684430122375
0.7058823704719543
1.0
0.6666666865348816
0.8947368264198303
0.9166666865348816
0.7692307829856873
0.96875
0.6666666865348816
0.6086956262588501
0.6857143044471741
0.875
0.699999988079071
1.0
0.4375
0.9200000166893005
0.800000011920929
0.7368420958518982
0.7307692170143127
0.695652186870575
0.8181818127632141
0.5454545617103577
0.8947368264198303
0.7647058963775635
0.6666666865348816
0.7058823704719543
0.5652173757553101
0.9473684430122375
0.8695651888847351
0.6190476417541504
0.5
0.739130437374115
0.7894737124443054
0.738095223903656
0.9672130942344666
0.9047619104385376
0.65625
0.7407407164573669
0.7352941036224365
0.625
0.7058823704719543
0.6800000071525574
0.9166666865348816
0.699999988079071
0.9047619104385376
0.9142857193946838
0.9855072498321533
0.7948718070983887
0.8928571343421936
0.4444444477558136
0.75
0.9180327653884888
0.7692307829856873
0.5
0.8918918967247009
1.0
0.5740740895271301
0.5714285969734192
0.7142857313156128
0.6666666865348816
0.5454545617103577
0.5333333611488342
0.75
0.9545454382896423
0.6666666865348816
0.6363636255264282
0.9333333373069763
0.9583333134651184
0.9523809552192688
0.800000011920929
0.38461539149284363
0.7894737124443054
0.7222222089767456
0.6551724076271057
0.4117647111415863
0.8214285969734192
0.8275862336158752
0.8571428656578064
0.875
0.7222222089767456
0.8125
0.6363636255264282
0.8064516186714172
0.529411792755127
0.8399999737739563
0.5
0.6428571343421936
0.47999998927116394
0.7647058963775635
0.7894737124443054
0.5370370149612427
0.7076923251152039
0.7407407164573669
0.5833333134651184
0.38461539149284363
0.5714285969734192
0.71875
0.625
0.6200000047683716
0.644444465637207
0.738095223903656
0.6393442749977112
0.6428571343421936
0.7894737124443054
0.8399999737739563
0.5555555820465088
0.75
0.6785714030265808
1.0
0.6818181872367859
0.7333333492279053
0.6071428656578064
0.6363636255264282
0.8611111044883728
0.8636363744735718
0.6071428656578064
0.692307710647583
0.6000000238418579
0.7857142686843872
0.8275862336158752
0.8275862336158752
0.7333333492279053
0.7777777910232544
0.8695651888847351
0.6111111044883728
0.5909090638160706
0.6333333253860474
0.7222222089767456
0.7857142686843872
0.8666666746139526
0.800000011920929
0.4545454680919647
0.7692307829856873
0.8260869383811951
0.47727271914482117
0.5909090638160706
0.5416666865348816
0.6818181872367859
0.7799999713897705
0.4444444477558136
0.5
0.6470588445663452
0.6451612710952759
0.3888888955116272
0.4285714328289032
0.7222222089767456
0.6170212626457214
0.5925925970077515
0.8181818127632141
0.5454545617103577
0.3684210479259491
0.6666666865348816
0.42105263471603394
0.375
0.5384615659713745
0.5925925970077515
0.4390243887901306
1.0
0.5
0.8653846383094788
0.3888888955116272
0.5333333611488342
0.5227272510528564
0.375
0.3499999940395355
0.625
0.807692289352417
0.5249999761581421
0.5
0.4285714328289032
0.8333333134651184
0.42307692766189575
0.4285714328289032
0.625
0.5
0.6315789222717285
0.918367326259613
0.6428571343421936
0.5405405163764954
0.8620689511299133
0.4545454680919647
0.48148149251937866
0.7599999904632568
0.5416666865348816
0.6818181872367859
0.5882353186607361
0.6111111044883728
0.8636363744735718
0.3888888955116272
0.782608687877655
0.5384615659713745
0.44736841320991516
0.6363636255264282
0.8181818127632141
0.5256410241127014
0.5
0.6666666865348816
0.5510203838348389
0.8399999737739563
0.8125
0.8709677457809448
0.6363636255264282
0.3571428656578064
0.4444444477558136
0.7272727489471436
1.0
0.95652174949646
0.4399999976158142
0.4615384638309479
0.5625
0.6938775777816772
0.5714285969734192
0.5555555820465088
0.6000000238418579
0.6190476417541504
0.5645161271095276
0.6538461446762085
0.5
0.529411792755127
0.7083333134651184
1.0
0.7692307829856873
0.800000011920929
0.59375
0.4375
0.6666666865348816
0.6363636255264282
0.4545454680919647
0.8333333134651184
0.44736841320991516
0.7333333492279053
0.6666666865348816
0.7142857313156128
0.4838709533214569
0.695652186870575
1.0
0.6086956262588501
0.7446808218955994
0.47058823704719543
0.6582278609275818
0.699999988079071
0.6551724076271057
0.5151515007019043
0.5483871102333069
0.5161290168762207
0.84375
0.6451612710952759
0.6944444179534912
0.875
0.5277777910232544
0.4545454680919647
