0.9375
0.9696969985961914
0.8181818127632141
1.0
0.9166666865348816
0.9166666865348816
0.9090909361839294
1.0
0.96875
0.931034505367279
0.9599999785423279
0.9523809552192688
1.0
0.9333333373069763
0.800000011920929
0.9473684430122375
1.0
0.8888888955116272
0.8571428656578064
1.0
0.9599999785423279
0.7647058963775635
0.9333333373069763
0.9523809552192688
0.9615384340286255
0.9444444179534912
0.9583333134651184
0.8500000238418579
0.8125
0.9230769276618958
0.9696969985961914
0.8888888955116272
1.0
1.0
0.9375
0.8799999952316284
0.800000011920929
1.0
0.8260869383811951
0.9333333373069763
0.97826087474823
0.9444444179534912
0.7931034564971924
