0.875
1.0
0.8181818127632141
1.0
0.8333333134651184
0.875
0.5909090638160706
1.0
0.84375
0.9655172228813171
0.800000011920929
0.9047619104385376
0.8666666746139526
0.9666666388511658
0.5
0.7894737124443054
0.8571428656578064
0.8518518805503845
0.761904776096344
0.8333333134651184
0.8799999952316284
0.6470588445663452
0.6666666865348816
0.9047619104385376
0.9230769276618958
0.8888888955116272
0.9583333134651184
0.6499999761581421
0.8125
0.6153846383094788
0.8787878751754761
0.6111111044883728
0.9772727489471436
1.0
0.5625
0.8399999737739563
0.7333333492279053
1.0
0.3913043439388275
0.9333333373069763
0.9347826242446899
0.6666666865348816
0.8275862336158752
1.0
0.8333333134651184
1.0
0.8235294222831726
0.5555555820465088
0.7727272510528564
0.6666666865348816
0.7333333492279053
0.7941176295280457
0.8965517282485962
0.9032257795333862
0.75
0.761904776096344
0.7272727489471436
0.9069767594337463
0.9375
1.0
0.8799999952316284
0.875
0.7058823704719543
0.8999999761581421
0.9230769276618958
0.8666666746139526
0.800000011920929
0.9285714030265808
0.6086956262588501
0.8958333134651184
0.5384615659713745
0.7142857313156128
0.6842105388641357
0.8358209133148193
0.8888888955116272
0.95652174949646
0.9677419066429138
0.9333333373069763
0.699999988079071
0.800000011920929
0.761904776096344
0.692307710647583
0.9444444179534912
0.8275862336158752
0.9230769276618958
0.7142857313156128
0.8235294222831726
0.6818181872367859
1.0
0.9166666865348816
0.5555555820465088
0.9090909361839294
0.4848484992980957
1.0
0.75
0.9069767594337463
0.6666666865348816
0.949999988079071
0.9200000166893005
0.9444444179534912
