0.71875
0.9696969985961914
0.5
0.38461539149284363
0.5833333134651184
0.7083333134651184
0.8181818127632141
0.5714285969734192
0.8125
0.8275862336158752
0.47999998927116394
0.380952388048172
0.7333333492279053
0.6333333253860474
0.6499999761581421
0.5263158082962036
0.6428571343421936
0.5555555820465088
0.523809552192688
0.5
0.7200000286102295
0.529411792755127
0.5333333611488342
0.5714285969734192
0.6153846383094788
0.6111111044883728
0.875
0.44999998807907104
0.5
0.5384615659713745
0.6666666865348816
0.5555555820465088
0.9090909361839294
0.6153846383094788
0.5625
0.6800000071525574
0.3333333432674408
0.9714285731315613
0.6521739363670349
0.699999988079071
0.3695652186870575
0.3333333432674408
0.4137931168079376
0.5454545617103577
0.5
0.8571428656578064
0.7058823704719543
0.5
0.8181818127632141
0.25
0.46666666865348816
0.9411764740943909
0.8965517282485962
0.6451612710952759
0.75
0.4761904776096344
0.8636363744735718
0.5116279125213623
0.5625
0.6666666865348816
0.8399999737739563
0.96875
0.529411792755127
0.75
0.9230769276618958
0.800000011920929
0.550000011920929
0.738095223903656
0.52173912525177
0.625
0.38461539149284363
0.6190476417541504
0.6842105388641357
0.8656716346740723
0.3333333432674408
0.6086956262588501
0.5161290168762207
0.800000011920929
0.44999998807907104
0.6666666865348816
0.6666666865348816
0.3076923191547394
0.8888888955116272
0.4482758641242981
0.7692307829856873
0.5714285969734192
0.5882353186607361
0.6363636255264282
0.47826087474823
0.4583333432674408
0.3888888955116272
0.9545454382896423
0.7575757503509521
0.5483871102333069
0.75
0.6976743936538696
0.5333333611488342
0.5
0.7200000286102295
0.4444444477558136
