1.0
1.0
1.0
1.0
1.0
1.0
1.0
1.0
1.0
1.0
1.0
0.9523809552192688
1.0
1.0
0.949999988079071
1.0
1.0
0.9629629850387573
0.9523809552192688
1.0
1.0
1.0
1.0
1.0
1.0
0.9444444179534912
1.0
1.0
1.0
0.9230769276618958
1.0
1.0
1.0
1.0
1.0
1.0
1.0
1.0
0.95652174949646
1.0
1.0
1.0
0.8965517282485962
1.0
0.9444444179534912
1.0
1.0
1.0
1.0
0.9166666865348816
0.9333333373069763
1.0
1.0
0.9677419066429138
1.0
1.0
1.0
0.9767441749572754
1.0
1.0
1.0
1.0
1.0
1.0
0.9743589758872986
1.0
1.0
1.0
0.9130434989929199
1.0
0.8461538553237915
1.0
1.0
1.0
1.0
0.95652174949646
1.0
1.0
0.949999988079071
1.0
1.0
1.0
1.0
0.931034505367279
0.9230769276618958
1.0
1.0
0.8863636255264282
1.0
1.0
0.9444444179534912
1.0
1.0
1.0
1.0
1.0
1.0
1.0
1.0
1.0
