0.9375
1.0
0.7727272510528564
0.8461538553237915
0.9166666865348816
0.9166666865348816
0.7727272510528564
0.9285714030265808
1.0
1.0
0.9599999785423279
0.9523809552192688
1.0
0.9666666388511658
0.800000011920929
1.0
1.0
0.8888888955116272
0.9047619104385376
0.8333333134651184
0.9599999785423279
0.7647058963775635
0.9333333373069763
0.9523809552192688
0.9615384340286255
0.9444444179534912
0.9583333134651184
0.800000011920929
1.0
0.9230769276618958
1.0
0.8888888955116272
1.0
0.7692307829856873
0.9375
0.9599999785423279
1.0
1.0
0.95652174949646
0.8333333134651184
0.97826087474823
0.9444444179534912
0.8965517282485962
0.9090909361839294
1.0
0.8571428656578064
0.7647058963775635
1.0
0.8181818127632141
0.875
0.9333333373069763
0.9117646813392639
1.0
0.9677419066429138
0.8999999761581421
1.0
1.0
0.9534883499145508
0.875
1.0
0.8799999952316284
0.90625
0.9411764740943909
1.0
0.9743589758872986
0.8666666746139526
0.8999999761581421
0.976190447807312
0.9130434989929199
0.9791666865348816
0.9230769276618958
0.9047619104385376
0.8947368264198303
0.8208954930305481
0.9444444179534912
0.95652174949646
0.9032257795333862
0.7333333492279053
0.800000011920929
0.8666666746139526
0.7142857313156128
0.807692289352417
1.0
0.8620689511299133
0.9230769276618958
0.8571428656578064
0.8823529481887817
0.8636363744735718
1.0
1.0
0.5
1.0
0.6969696879386902
0.9032257795333862
0.4166666567325592
0.9069767594337463
1.0
0.8999999761581421
0.8799999952316284
0.9444444179534912
0.8148148059844971
0.8888888955116272
0.8999999761581421
0.8846153616905212
0.9375
0.8461538553237915
0.6842105388641357
1.0
0.9285714030265808
1.0
0.8999999761581421
0.9047619104385376
0.9230769276618958
1.0
0.9375
0.9166666865348816
0.9629629850387573
0.9878048896789551
0.9583333134651184
0.9642857313156128
0.8799999952316284
0.9838709831237793
1.0
1.0
1.0
0.9759036302566528
1.0
1.0
0.9545454382896423
0.6000000238418579
0.9545454382896423
0.9677419066429138
0.9444444179534912
0.90625
0.75
0.96875
0.8787878751754761
0.8235294222831726
1.0
1.0
0.8571428656578064
0.7647058963775635
0.8799999952316284
0.9444444179534912
0.782608687877655
0.8888888955116272
0.8571428656578064
0.8125
0.7692307829856873
1.0
0.949999988079071
0.8823529481887817
0.97826087474823
0.9285714030265808
1.0
0.75
0.75
0.9333333373069763
0.7777777910232544
0.8999999761581421
0.8235294222831726
0.7727272510528564
0.8125
0.9777777791023254
0.6666666865348816
1.0
1.0
0.949999988079071
1.0
0.8636363744735718
0.9230769276618958
0.782608687877655
0.9487179517745972
0.9629629850387573
0.9696969985961914
1.0
0.9833333492279053
0.9555555582046509
0.9452054500579834
0.9833333492279053
0.9135802388191223
1.0
0.8421052694320679
0.9024389982223511
0.6818181872367859
0.8823529481887817
0.8500000238418579
0.9824561476707458
0.949367105960846
0.7246376872062683
0.9384615421295166
0.8780487775802612
0.9333333373069763
0.7692307829856873
0.8048780560493469
0.9354838728904724
0.921875
0.75
1.0
0.9545454382896423
0.8125
0.8235294222831726
0.6666666865348816
0.8125
0.9411764740943909
0.8125
0.9166666865348816
0.8888888955116272
0.875
0.949999988079071
0.9090909361839294
0.8275862336158752
0.8444444537162781
0.931034505367279
0.8928571343421936
0.7894737124443054
0.9090909361839294
0.9117646813392639
0.953125
0.9411764740943909
0.75
0.800000011920929
1.0
0.6666666865348816
0.8888888955116272
0.936170220375061
0.9777777791023254
0.8666666746139526
0.8666666746139526
0.9473684430122375
0.9696969985961914
0.9375
1.0
0.9772727489471436
0.9333333373069763
1.0
0.8999999761581421
0.9615384340286255
0.9200000166893005
0.939393937587738
0.9615384340286255
1.0
1.0
0.9130434989929199
0.7333333492279053
0.970588207244873
0.8571428656578064
1.0
0.7368420958518982
0.8947368264198303
0.9411764740943909
0.9333333373069763
0.9166666865348816
0.9210526347160339
1.0
0.9230769276618958
0.875
0.625
0.9130434989929199
0.9428571462631226
1.0
1.0
0.8571428656578064
0.9375
0.8799999952316284
1.0
0.9210526347160339
1.0
0.9130434989929199
0.9545454382896423
1.0
0.8947368264198303
0.9411764740943909
0.9166666865348816
1.0
1.0
1.0
0.8260869383811951
0.9047619104385376
0.875
1.0
0.8947368264198303
1.0
0.9672130942344666
0.9523809552192688
0.8125
0.8888888955116272
0.9411764740943909
0.96875
0.9117646813392639
1.0
0.9444444179534912
0.8333333134651184
1.0
0.8857142925262451
0.9710144996643066
0.8461538553237915
0.9642857313156128
0.6388888955116272
0.8333333134651184
0.8852459192276001
0.7692307829856873
1.0
0.9729729890823364
1.0
0.8888888955116272
0.9387755393981934
0.8095238208770752
0.8333333134651184
0.939393937587738
0.9333333373069763
0.8333333134651184
0.9545454382896423
0.6666666865348816
0.8636363744735718
0.8666666746139526
0.9583333134651184
1.0
0.8666666746139526
0.5384615659713745
0.9473684430122375
0.6666666865348816
0.8965517282485962
1.0
0.9642857313156128
0.931034505367279
0.9523809552192688
0.9166666865348816
0.4444444477558136
0.8125
1.0
1.0
0.8235294222831726
0.9599999785423279
0.8636363744735718
0.8999999761581421
0.8600000143051147
0.9411764740943909
1.0
0.8888888955116272
0.9538461565971375
0.9135802388191223
0.75
0.9230769276618958
0.7428571581840515
0.90625
0.84375
0.8600000143051147
0.8666666746139526
0.9523809552192688
0.8852459192276001
0.9285714030265808
0.9473684430122375
0.9200000166893005
0.7407407164573669
0.9285714030265808
0.8928571343421936
0.9090909361839294
0.9090909361839294
1.0
1.0
0.8181818127632141
0.9166666865348816
0.9090909361839294
1.0
0.692307710647583
0.8500000238418579
0.7142857313156128
1.0
0.9655172228813171
0.800000011920929
1.0
0.8695651888847351
0.7222222089767456
0.8636363744735718
0.8666666746139526
1.0
0.8571428656578064
1.0
0.9333333373069763
0.8181818127632141
0.7692307829856873
0.782608687877655
0.7045454382896423
0.9090909361839294
0.7083333134651184
0.7272727489471436
0.7400000095367432
0.7222222089767456
0.800000011920929
0.7647058963775635
0.9354838728904724
1.0
0.875
0.8888888955116272
0.6170212626457214
0.9444444179534912
0.9090909361839294
0.7727272510528564
0.6315789222717285
0.75
0.5789473652839661
0.6875
0.692307710647583
0.7777777910232544
0.6829268336296082
0.8181818127632141
0.5909090638160706
0.942307710647583
0.7222222089767456
0.9333333373069763
0.7954545617103577
0.8333333134651184
0.550000011920929
0.625
0.6538461446762085
0.800000011920929
0.6000000238418579
0.8571428656578064
0.9444444179534912
0.7307692170143127
0.9523809552192688
0.75
0.9166666865348816
0.7368420958518982
0.7551020383834839
0.8571428656578064
0.5405405163764954
0.8275862336158752
0.5454545617103577
0.8888888955116272
0.6399999856948853
0.7916666865348816
0.9545454382896423
0.7647058963775635
0.6666666865348816
0.8181818127632141
0.6481481194496155
0.8695651888847351
0.9615384340286255
0.8947368264198303
0.7727272510528564
0.6363636255264282
0.6025640964508057
0.78125
0.9166666865348816
0.9591836929321289
0.7200000286102295
0.8125
0.774193525314331
0.8181818127632141
0.4285714328289032
0.5
0.9545454382896423
0.9411764740943909
0.8695651888847351
