0.46875
0.6060606241226196
0.40909090638160706
0.3076923191547394
0.4166666567325592
0.75
0.4545454680919647
0.75
0.3125
0.3103448152542114
0.36000001430511475
0.4761904776096344
0.5333333611488342
0.36666667461395264
0.30000001192092896
0.3684210479259491
0.3571428656578064
0.6666666865348816
0.4285714328289032
0.3888888955116272
0.47999998927116394
0.3529411852359772
0.3333333432674408
0.4285714328289032
0.5769230723381042
0.7222222089767456
0.375
0.44999998807907104
0.375
0.38461539149284363
0.39393940567970276
0.4444444477558136
0.6818181872367859
0.38461539149284363
0.5625
0.5600000023841858
0.2666666805744171
0.34285715222358704
0.47826087474823
0.5
0.28260868787765503
0.2777777910232544
0.27586206793785095
0.6363636255264282
0.3333333432674408
0.7142857313156128
0.47058823704719543
0.4444444477558136
0.40909090638160706
0.2083333283662796
0.3333333432674408
0.5
0.5517241358757019
0.29032257199287415
0.550000011920929
0.2857142984867096
0.22727273404598236
0.3255814015865326
0.75
0.6000000238418579
0.5199999809265137
0.625
0.4117647111415863
0.4000000059604645
0.43589743971824646
0.46666666865348816
0.3499999940395355
0.3571428656578064
0.260869562625885
0.3125
0.4615384638309479
0.380952388048172
0.5263158082962036
0.5373134613037109
0.3333333432674408
0.52173912525177
0.29032257199287415
0.4000000059604645
0.4000000059604645
0.5333333611488342
0.2857142984867096
0.4615384638309479
0.8333333134651184
0.5517241358757019
0.9230769276618958
0.2380952388048172
0.3529411852359772
0.22727273404598236
0.3913043439388275
0.5
0.2777777910232544
0.3181818127632141
0.42424243688583374
0.5483871102333069
0.5
0.5581395626068115
0.4000000059604645
0.32499998807907104
0.47999998927116394
0.3333333432674408
