0.71875
0.8787878751754761
0.5454545617103577
0.5384615659713745
0.4166666567325592
0.6666666865348816
0.4545454680919647
0.3928571343421936
0.4375
0.3448275923728943
0.47999998927116394
0.380952388048172
0.46666666865348816
0.5666666626930237
0.30000001192092896
0.42105263471603394
0.5
0.7037037014961243
0.4285714328289032
0.4444444477558136
0.6399999856948853
0.3529411852359772
0.46666666865348816
0.7142857313156128
0.5384615659713745
0.5
0.3333333432674408
0.75
0.25
0.38461539149284363
0.7575757503509521
0.5555555820465088
0.8409090638160706
0.4615384638309479
0.4375
0.5199999809265137
0.3333333432674408
0.6000000238418579
0.739130437374115
0.5666666626930237
0.52173912525177
0.4444444477558136
0.6206896305084229
0.7272727489471436
0.5555555820465088
0.6666666865348816
0.47058823704719543
0.6666666865348816
0.5909090638160706
0.625
0.8666666746139526
0.47058823704719543
0.517241358757019
0.5806451439857483
0.800000011920929
0.4761904776096344
0.6818181872367859
0.5348837375640869
0.8125
0.800000011920929
0.5600000023841858
0.875
0.529411792755127
0.550000011920929
0.5641025900840759
0.4000000059604645
0.6499999761581421
0.523809552192688
0.260869562625885
0.5
0.6153846383094788
0.523809552192688
0.5789473652839661
0.4029850661754608
0.3611111044883728
0.43478259444236755
0.4193548262119293
0.46666666865348816
0.4000000059604645
0.6666666865348816
0.523809552192688
0.3076923191547394
0.5555555820465088
0.6551724076271057
0.9230769276618958
0.4761904776096344
0.47058823704719543
0.2954545319080353
0.5652173757553101
0.3333333432674408
0.3888888955116272
0.8636363744735718
0.42424243688583374
0.5483871102333069
0.6666666865348816
0.5581395626068115
0.8666666746139526
0.42500001192092896
0.6399999856948853
0.7222222089767456
