0.59375
0.8484848737716675
0.7727272510528564
0.38461539149284363
0.5
0.7916666865348816
0.8181818127632141
0.6428571343421936
0.5
0.48275861144065857
0.6399999856948853
0.4285714328289032
1.0
0.8666666746139526
0.4000000059604645
0.4736842215061188
0.4285714328289032
0.8888888955116272
0.6190476417541504
0.5555555820465088
0.7200000286102295
0.6470588445663452
0.6000000238418579
0.6666666865348816
0.692307710647583
0.8333333134651184
0.7083333134651184
0.5
0.4375
1.0
0.6666666865348816
0.6111111044883728
0.7727272510528564
0.5384615659713745
0.8125
0.8399999737739563
0.8666666746139526
0.6000000238418579
0.47826087474823
0.800000011920929
0.5652173757553101
0.4444444477558136
0.5517241358757019
0.5454545617103577
0.5
0.6666666865348816
0.6470588445663452
0.5
0.8181818127632141
0.25
0.9333333373069763
0.7941176295280457
0.517241358757019
0.5806451439857483
0.550000011920929
0.523809552192688
0.5454545617103577
0.5813953280448914
0.8125
0.6000000238418579
0.5199999809265137
0.96875
0.529411792755127
0.75
0.5641025900840759
0.6000000238418579
0.75
0.9047619104385376
0.8695651888847351
0.8958333134651184
0.38461539149284363
0.761904776096344
0.8421052694320679
0.8656716346740723
0.7777777910232544
0.95652174949646
0.6451612710952759
0.800000011920929
0.5
0.6666666865348816
0.6666666865348816
0.3076923191547394
0.6111111044883728
0.6551724076271057
0.9230769276618958
0.5714285969734192
0.529411792755127
0.6136363744735718
0.8260869383811951
0.5833333134651184
0.5
0.4545454680919647
0.5757575631141663
0.6451612710952759
0.5
0.6744186282157898
0.6666666865348816
0.3499999940395355
0.7200000286102295
0.7777777910232544
