0.90625
1.0
0.5454545617103577
0.4615384638309479
0.9166666865348816
0.75
0.6363636255264282
0.5357142686843872
0.53125
0.8965517282485962
0.8799999952316284
0.9047619104385376
0.9333333373069763
0.8999999761581421
0.44999998807907104
0.6842105388641357
0.4285714328289032
0.6666666865348816
0.761904776096344
0.6111111044883728
0.800000011920929
0.47058823704719543
0.5333333611488342
0.7142857313156128
0.6153846383094788
0.8333333134651184
0.6666666865348816
0.75
0.5625
0.8461538553237915
0.9696969985961914
0.6111111044883728
0.7954545617103577
0.4615384638309479
0.6875
0.7200000286102295
0.4000000059604645
0.7714285850524902
0.43478259444236755
0.8999999761581421
0.8478260636329651
0.5555555820465088
0.7586206793785095
0.9090909361839294
0.7222222089767456
0.9523809552192688
0.8235294222831726
0.5555555820465088
0.8636363744735718
0.875
0.7333333492279053
0.8235294222831726
0.7586206793785095
0.9032257795333862
0.550000011920929
0.5714285969734192
0.5909090638160706
0.9534883499145508
0.9375
0.7333333492279053
0.6399999856948853
0.75
0.5882353186607361
0.6000000238418579
0.9487179517745972
0.8666666746139526
0.6000000238418579
0.8571428656578064
0.8260869383811951
0.75
0.38461539149284363
0.8571428656578064
0.6842105388641357
0.7611940503120422
0.4722222089767456
0.6521739363670349
0.4838709533214569
0.7333333492279053
0.44999998807907104
0.800000011920929
0.6666666865348816
0.9230769276618958
0.9444444179534912
0.931034505367279
0.9230769276618958
0.9047619104385376
0.7058823704719543
0.5227272510528564
0.6521739363670349
0.5416666865348816
0.9444444179534912
1.0
0.6666666865348816
0.6129032373428345
0.75
0.7441860437393188
1.0
0.875
0.8799999952316284
0.7222222089767456
