0.96875
0.8484848737716675
0.8181818127632141
0.9230769276618958
1.0
0.875
0.7727272510528564
1.0
1.0
0.9655172228813171
0.6800000071525574
0.5714285969734192
1.0
0.9333333373069763
0.8500000238418579
0.8947368264198303
0.8571428656578064
0.8148148059844971
0.8571428656578064
0.8888888955116272
0.9599999785423279
0.5882353186607361
0.7333333492279053
1.0
0.9615384340286255
0.8888888955116272
0.875
0.8500000238418579
0.8125
0.8461538553237915
0.8787878751754761
0.8333333134651184
1.0
0.692307710647583
0.625
0.9200000166893005
0.6666666865348816
0.9714285731315613
0.9130434989929199
0.8333333134651184
0.8478260636329651
0.7222222089767456
0.7586206793785095
1.0
0.8333333134651184
0.6190476417541504
0.8235294222831726
0.7777777910232544
0.6818181872367859
0.625
0.9333333373069763
0.8529411554336548
0.8965517282485962
0.9032257795333862
0.75
0.6666666865348816
0.6363636255264282
0.9069767594337463
0.875
0.800000011920929
0.8399999737739563
0.875
0.8823529481887817
1.0
0.9743589758872986
1.0
0.8500000238418579
0.9285714030265808
0.8695651888847351
0.7916666865348816
0.5384615659713745
0.761904776096344
0.8947368264198303
0.7014925479888916
0.9444444179534912
0.739130437374115
0.9677419066429138
0.8666666746139526
0.6499999761581421
0.9333333373069763
0.7142857313156128
0.8461538553237915
0.8888888955116272
0.7931034564971924
0.9230769276618958
0.6666666865348816
0.6470588445663452
0.8181818127632141
0.695652186870575
0.9166666865348816
0.5555555820465088
0.8181818127632141
0.7272727489471436
0.5806451439857483
1.0
0.9069767594337463
0.8666666746139526
0.7250000238418579
0.9200000166893005
0.8888888955116272
