0.8125
0.9696969985961914
0.7727272510528564
0.9230769276618958
1.0
0.9583333134651184
0.7272727489471436
0.9642857313156128
1.0
1.0
0.8799999952316284
0.8095238208770752
1.0
0.9333333373069763
0.8500000238418579
0.8947368264198303
1.0
0.9259259104728699
0.8571428656578064
0.8888888955116272
0.8399999737739563
0.6470588445663452
0.8666666746139526
0.8095238208770752
1.0
0.8333333134651184
0.9583333134651184
0.949999988079071
0.875
0.8461538553237915
0.9090909361839294
0.7222222089767456
0.9772727489471436
1.0
0.9375
0.8799999952316284
0.800000011920929
0.9428571462631226
0.8695651888847351
0.8666666746139526
0.95652174949646
1.0
0.7241379022598267
0.9090909361839294
0.8333333134651184
1.0
0.8235294222831726
0.8333333134651184
0.8636363744735718
0.9166666865348816
0.8666666746139526
0.9117646813392639
1.0
0.8064516186714172
0.800000011920929
0.8095238208770752
0.8636363744735718
0.9534883499145508
1.0
1.0
0.9200000166893005
0.9375
0.8823529481887817
1.0
0.9743589758872986
1.0
0.8999999761581421
0.976190447807312
0.739130437374115
0.875
0.692307710647583
0.9047619104385376
0.9473684430122375
0.9552238583564758
0.9444444179534912
0.8260869383811951
0.8387096524238586
0.8666666746139526
0.800000011920929
0.8666666746139526
0.8571428656578064
0.9615384340286255
1.0
0.8620689511299133
0.9230769276618958
0.9047619104385376
0.9411764740943909
0.7272727489471436
1.0
0.9583333134651184
1.0
0.9090909361839294
0.6969696879386902
0.8064516186714172
1.0
1.0
1.0
0.8500000238418579
0.9200000166893005
1.0
