0.90625
1.0
0.9090909361839294
1.0
0.9166666865348816
0.875
1.0
1.0
1.0
1.0
0.9200000166893005
0.9523809552192688
1.0
1.0
0.800000011920929
0.8947368264198303
1.0
0.9259259104728699
0.8571428656578064
1.0
1.0
0.9411764740943909
1.0
1.0
1.0
0.9444444179534912
1.0
0.949999988079071
0.9375
0.9230769276618958
1.0
0.9444444179534912
1.0
0.9230769276618958
1.0
0.9599999785423279
0.8666666746139526
1.0
0.8695651888847351
0.9333333373069763
0.95652174949646
1.0
0.8965517282485962
1.0
0.9444444179534912
1.0
0.8235294222831726
0.9444444179534912
1.0
0.875
0.9333333373069763
1.0
1.0
0.9677419066429138
0.800000011920929
1.0
0.8181818127632141
0.9767441749572754
1.0
1.0
0.9200000166893005
1.0
0.9411764740943909
1.0
0.9743589758872986
1.0
0.8999999761581421
0.9285714030265808
0.9130434989929199
1.0
0.9230769276618958
0.9047619104385376
0.8947368264198303
0.9701492786407471
0.9166666865348816
0.95652174949646
1.0
1.0
0.699999988079071
0.800000011920929
0.7142857313156128
0.9615384340286255
1.0
0.8620689511299133
0.9230769276618958
0.9523809552192688
0.9411764740943909
0.8181818127632141
1.0
0.8333333134651184
0.6666666865348816
1.0
0.8787878751754761
0.9677419066429138
1.0
1.0
1.0
0.8999999761581421
0.9599999785423279
1.0
