0.96875
1.0
0.8636363744735718
1.0
1.0
1.0
1.0
1.0
1.0
1.0
0.9200000166893005
0.9047619104385376
1.0
1.0
0.8999999761581421
1.0
1.0
0.9259259104728699
0.8571428656578064
1.0
0.9599999785423279
0.9411764740943909
0.800000011920929
1.0
1.0
0.9444444179534912
1.0
0.8500000238418579
0.9375
0.9230769276618958
1.0
0.8888888955116272
0.9545454382896423
0.8461538553237915
0.9375
0.9200000166893005
1.0
1.0
0.95652174949646
0.9666666388511658
0.97826087474823
1.0
0.8965517282485962
1.0
0.9444444179534912
1.0
0.9411764740943909
1.0
1.0
0.9166666865348816
1.0
1.0
1.0
0.9354838728904724
0.8999999761581421
1.0
1.0
0.930232584476471
1.0
1.0
0.9200000166893005
0.96875
0.9411764740943909
1.0
0.9743589758872986
1.0
0.8500000238418579
0.9523809552192688
0.739130437374115
1.0
0.692307710647583
0.9523809552192688
1.0
0.9552238583564758
0.9722222089767456
0.95652174949646
1.0
1.0
0.8999999761581421
0.9333333373069763
0.9523809552192688
0.8846153616905212
1.0
0.8965517282485962
0.8461538553237915
0.9523809552192688
0.8823529481887817
0.7727272510528564
1.0
0.9583333134651184
0.8888888955116272
1.0
0.939393937587738
0.9032257795333862
1.0
1.0
1.0
0.9750000238418579
1.0
1.0
