1.0
1.0
0.9545454382896423
1.0
1.0
1.0
0.9545454382896423
1.0
1.0
1.0
0.9200000166893005
0.9523809552192688
1.0
1.0
0.8999999761581421
1.0
1.0
0.9259259104728699
0.9047619104385376
0.9444444179534912
0.9599999785423279
0.9411764740943909
1.0
0.9523809552192688
0.9615384340286255
1.0
1.0
0.8999999761581421
1.0
0.9230769276618958
0.9696969985961914
0.8888888955116272
1.0
0.9230769276618958
1.0
0.9599999785423279
0.8666666746139526
1.0
0.95652174949646
0.9333333373069763
1.0
0.8888888955116272
0.8965517282485962
1.0
0.9444444179534912
1.0
0.9411764740943909
1.0
1.0
0.9166666865348816
0.9333333373069763
0.970588207244873
0.9655172228813171
0.9677419066429138
0.949999988079071
1.0
1.0
1.0
1.0
0.9333333373069763
0.9599999785423279
1.0
1.0
1.0
0.9743589758872986
1.0
0.949999988079071
0.976190447807312
0.9130434989929199
1.0
0.8461538553237915
0.9047619104385376
0.8947368264198303
0.9552238583564758
0.9722222089767456
0.95652174949646
1.0
1.0
0.8500000238418579
1.0
0.9523809552192688
0.9615384340286255
1.0
0.931034505367279
0.9230769276618958
1.0
0.8823529481887817
0.8863636255264282
1.0
1.0
0.8888888955116272
1.0
0.9696969985961914
1.0
1.0
1.0
1.0
0.9750000238418579
0.9599999785423279
1.0
