0.28125
1.0
0.8636363744735718
0.9230769276618958
0.8333333134651184
0.9583333134651184
0.5909090638160706
1.0
0.875
0.7586206793785095
0.9200000166893005
0.8571428656578064
0.8666666746139526
1.0
0.75
0.9473684430122375
0.7857142686843872
0.9259259104728699
0.7142857313156128
0.9444444179534912
0.9599999785423279
0.8235294222831726
0.9333333373069763
0.8095238208770752
0.9230769276618958
0.9444444179534912
1.0
0.6000000238418579
0.8125
0.7692307829856873
0.7878788113594055
0.7222222089767456
1.0
0.9230769276618958
0.8125
0.9599999785423279
1.0
1.0
0.8695651888847351
0.8999999761581421
0.8913043737411499
0.8888888955116272
0.7586206793785095
0.7272727489471436
0.6111111044883728
0.9523809552192688
0.7647058963775635
0.9444444179534912
0.7727272510528564
0.9166666865348816
0.9333333373069763
0.9411764740943909
0.931034505367279
0.9677419066429138
0.75
0.6190476417541504
0.7727272510528564
0.8837209343910217
0.9375
1.0
0.8799999952316284
0.96875
0.7647058963775635
0.949999988079071
0.9487179517745972
0.6666666865348816
0.6499999761581421
0.8571428656578064
0.9130434989929199
0.9791666865348816
0.692307710647583
0.8571428656578064
0.8421052694320679
0.8358209133148193
0.8611111044883728
0.95652174949646
0.774193525314331
0.7333333492279053
0.44999998807907104
0.6666666865348816
0.7142857313156128
0.9615384340286255
0.6666666865348816
0.7241379022598267
0.9230769276618958
0.8095238208770752
0.7058823704719543
0.7727272510528564
1.0
1.0
0.7777777910232544
0.6818181872367859
0.9696969985961914
0.8709677457809448
0.6666666865348816
1.0
0.9333333373069763
0.800000011920929
0.8799999952316284
1.0
