0.875
0.9090909361839294
0.7727272510528564
0.692307710647583
0.8333333134651184
0.8333333134651184
0.7272727489471436
0.9285714030265808
0.78125
0.7931034564971924
0.8799999952316284
0.761904776096344
0.800000011920929
0.8666666746139526
0.699999988079071
0.9473684430122375
0.7142857313156128
0.8888888955116272
0.8571428656578064
0.7777777910232544
0.9599999785423279
0.7058823704719543
0.800000011920929
0.8571428656578064
0.9230769276618958
0.9444444179534912
0.9583333134651184
0.800000011920929
0.6875
0.7692307829856873
0.9696969985961914
0.8333333134651184
0.9090909361839294
0.692307710647583
0.75
0.8799999952316284
0.8666666746139526
0.8571428656578064
0.782608687877655
0.800000011920929
0.9130434989929199
0.7222222089767456
0.8275862336158752
0.9090909361839294
0.6666666865348816
0.9047619104385376
0.7647058963775635
0.7222222089767456
0.8636363744735718
0.8333333134651184
0.800000011920929
0.8235294222831726
0.9655172228813171
0.9354838728904724
0.699999988079071
0.9047619104385376
0.6818181872367859
0.930232584476471
1.0
0.8666666746139526
0.9200000166893005
0.96875
0.9411764740943909
0.8999999761581421
0.9230769276618958
1.0
0.75
0.8809523582458496
0.782608687877655
0.9166666865348816
0.7692307829856873
0.9047619104385376
0.8421052694320679
0.8805969953536987
0.8055555820465088
0.8695651888847351
0.8387096524238586
0.6666666865348816
0.6000000238418579
0.800000011920929
0.761904776096344
0.8461538553237915
0.9444444179534912
0.7241379022598267
0.9230769276618958
0.9047619104385376
0.7647058963775635
0.75
0.95652174949646
0.9583333134651184
0.6666666865348816
1.0
0.7575757503509521
0.8387096524238586
1.0
0.9069767594337463
0.8666666746139526
0.8999999761581421
0.8399999737739563
1.0
