0.625
0.5151515007019043
0.5
0.38461539149284363
0.5
0.5416666865348816
0.3636363744735718
0.4285714328289032
0.46875
0.4137931168079376
0.47999998927116394
0.4761904776096344
0.5333333611488342
0.6000000238418579
0.3499999940395355
0.6842105388641357
0.3571428656578064
0.6666666865348816
0.5714285969734192
0.5555555820465088
0.6000000238418579
0.3529411852359772
0.6666666865348816
0.4761904776096344
0.6538461446762085
0.7222222089767456
0.5416666865348816
0.3499999940395355
0.4375
0.3076923191547394
0.5454545617103577
0.5555555820465088
0.6818181872367859
0.6153846383094788
0.625
0.6399999856948853
0.46666666865348816
0.5428571701049805
0.52173912525177
0.4000000059604645
0.6304348111152649
0.4444444477558136
0.5517241358757019
0.8181818127632141
0.5
0.6666666865348816
0.47058823704719543
0.5
0.27272728085517883
0.1666666716337204
0.6000000238418579
0.529411792755127
0.5862069129943848
0.5161290168762207
0.699999988079071
0.761904776096344
0.3636363744735718
0.6744186282157898
0.6875
0.6000000238418579
0.6000000238418579
0.78125
0.7058823704719543
0.800000011920929
0.7692307829856873
0.46666666865348816
0.6000000238418579
0.5714285969734192
0.43478259444236755
0.75
0.38461539149284363
0.5714285969734192
0.6842105388641357
0.5223880410194397
0.3333333432674408
0.43478259444236755
0.32258063554763794
0.4000000059604645
0.5
0.6666666865348816
0.523809552192688
0.6153846383094788
0.4444444477558136
0.517241358757019
0.6153846383094788
0.6190476417541504
0.4117647111415863
0.5454545617103577
0.52173912525177
0.5833333134651184
0.6111111044883728
0.3181818127632141
0.5151515007019043
0.5806451439857483
0.5
0.6744186282157898
0.46666666865348816
0.3499999940395355
0.6000000238418579
0.3333333432674408
