0.4375
0.6363636255264282
0.3636363744735718
0.4615384638309479
0.4166666567325592
0.4583333432674408
0.5
0.4642857015132904
0.34375
0.37931033968925476
0.4000000059604645
0.380952388048172
0.6000000238418579
0.6666666865348816
0.30000001192092896
0.2631579041481018
0.3571428656578064
0.48148149251937866
0.380952388048172
0.4444444477558136
0.5600000023841858
0.4117647111415863
0.4000000059604645
0.380952388048172
0.5384615659713745
0.4444444477558136
0.5
0.30000001192092896
0.3125
0.38461539149284363
0.42424243688583374
0.3888888955116272
0.4318181872367859
0.4615384638309479
0.375
0.4399999976158142
0.3333333432674408
0.48571428656578064
0.3913043439388275
0.4333333373069763
0.41304346919059753
0.3888888955116272
0.3103448152542114
0.6363636255264282
0.2777777910232544
0.6666666865348816
0.47058823704719543
0.3888888955116272
0.5454545617103577
0.2916666567325592
0.5333333611488342
0.44117647409439087
0.4482758641242981
0.3870967626571655
0.44999998807907104
0.4761904776096344
0.5
0.4883720874786377
0.75
0.46666666865348816
0.5600000023841858
0.5625
0.47058823704719543
0.44999998807907104
0.43589743971824646
0.6000000238418579
0.3499999940395355
0.380952388048172
0.3478260934352875
0.5625
0.38461539149284363
0.523809552192688
0.5263158082962036
0.4029850661754608
0.3888888955116272
0.43478259444236755
0.29032257199287415
0.46666666865348816
0.25
0.3333333432674408
0.2857142984867096
0.5384615659713745
0.4444444477558136
0.37931033968925476
0.692307710647583
0.4285714328289032
0.7647058963775635
0.34090909361839294
0.43478259444236755
0.4583333432674408
0.4444444477558136
0.3636363744735718
0.5151515007019043
0.4516128897666931
0.5
0.604651153087616
0.4000000059604645
0.375
0.47999998927116394
0.3888888955116272
