0.625
0.42424243688583374
0.3181818127632141
0.38461539149284363
0.5833333134651184
0.5416666865348816
0.5
0.3928571343421936
0.4375
0.48275861144065857
0.47999998927116394
0.4285714328289032
0.5333333611488342
0.4333333373069763
0.30000001192092896
0.4736842215061188
0.3571428656578064
0.5555555820465088
0.523809552192688
0.5555555820465088
0.6000000238418579
0.47058823704719543
0.4000000059604645
0.4761904776096344
0.6538461446762085
0.4444444477558136
0.4583333432674408
0.3499999940395355
0.375
0.38461539149284363
0.4545454680919647
0.5
0.5454545617103577
0.4615384638309479
0.5
0.4399999976158142
0.2666666805744171
0.5428571701049805
0.3913043439388275
0.5
0.3913043439388275
0.3333333432674408
0.48275861144065857
0.5454545617103577
0.6111111044883728
0.5714285969734192
0.4117647111415863
0.3888888955116272
0.4545454680919647
0.5833333134651184
0.46666666865348816
0.44117647409439087
0.4482758641242981
0.5161290168762207
0.6499999761581421
0.523809552192688
0.40909090638160706
0.5116279125213623
0.625
0.6000000238418579
0.5199999809265137
0.65625
0.529411792755127
0.5
0.5384615659713745
0.46666666865348816
0.550000011920929
0.4047619104385376
0.3478260934352875
0.625
0.38461539149284363
0.5714285969734192
0.4736842215061188
0.4029850661754608
0.3888888955116272
0.6086956262588501
0.35483869910240173
0.46666666865348816
0.44999998807907104
0.4000000059604645
0.4761904776096344
0.38461539149284363
0.5555555820465088
0.517241358757019
0.692307710647583
0.6190476417541504
0.529411792755127
0.27272728085517883
0.52173912525177
0.4583333432674408
0.3333333432674408
0.4545454680919647
0.42424243688583374
0.4193548262119293
0.4166666567325592
0.6976743936538696
0.46666666865348816
0.4000000059604645
0.5199999809265137
0.5
